4 0.58740234375 0.94775390625 0.0361328125 0.0302734375
4 0.32861328125 0.84814453125 0.0283203125 0.0419921875
4 0.27294921875 0.82275390625 0.0263671875 0.0380859375
4 0.6689453125 0.98193359375 0.04296875 0.0341796875
4 0.619140625 0.94873046875 0.029296875 0.0419921875
4 0.5107421875 0.92041015625 0.033203125 0.0263671875
7 0.73095703125 0.14794921875 0.1435546875 0.1943359375
7 0.6220703125 0.19091796875 0.142578125 0.1923828125
7 0.513671875 0.2333984375 0.140625 0.1953125
7 0.40673828125 0.2763671875 0.1416015625 0.193359375
7 0.45166015625 0.66162109375 0.1416015625 0.1904296875
7 0.3525390625 0.62158203125 0.14453125 0.1943359375
7 0.25390625 0.58203125 0.142578125 0.1953125
