4 0.49267578125 0.04052734375 0.0400390625 0.0341796875
4 0.4326171875 0.0439453125 0.037109375 0.044921875
4 0.0283203125 0.359375 0.0390625 0.037109375
4 0.11572265625 0.30029296875 0.0322265625 0.0341796875
4 0.2138671875 0.23046875 0.037109375 0.03515625
4 0.24462890625 0.1640625 0.0380859375 0.04296875
4 0.1533203125 0.22705078125 0.029296875 0.0361328125
7 0.5185546875 0.26123046875 0.166015625 0.1904296875
7 0.431640625 0.32080078125 0.1640625 0.1904296875
7 0.34375 0.3798828125 0.1640625 0.189453125
7 0.255859375 0.4384765625 0.1640625 0.189453125
7 0.16796875 0.498046875 0.1640625 0.189453125
