6 0.681640625 0.9814453125 0.052734375 0.037109375
6 0.55322265625 0.74072265625 0.0673828125 0.0869140625
6 0.48388671875 0.77978515625 0.0693359375 0.0888671875
6 0.4150390625 0.814453125 0.060546875 0.080078125
6 0.34716796875 0.85986328125 0.0654296875 0.0830078125
6 0.65283203125 0.90625 0.0595703125 0.076171875
6 0.591796875 0.9453125 0.060546875 0.080078125
6 0.52685546875 0.97119140625 0.0615234375 0.0576171875
6 0.4970703125 0.98486328125 0.052734375 0.0302734375
6 0.45361328125 0.9892578125 0.0615234375 0.021484375
6 0.73876953125 0.958984375 0.0498046875 0.064453125
6 0.71923828125 0.98046875 0.0322265625 0.0390625
6 0.64501953125 0.9912109375 0.0517578125 0.017578125
6 0.4052734375 0.70751953125 0.06640625 0.0869140625
6 0.482421875 0.66845703125 0.0625 0.0849609375
6 0.333984375 0.74853515625 0.06640625 0.0888671875
6 0.3271484375 0.39453125 0.05859375 0.072265625
12 0.4599609375 0.73388671875 0.4140625 0.3291015625
12 0.59521484375 0.91796875 0.3740234375 0.1640625
6 0.12060546875 0.27978515625 0.0732421875 0.0478515625
6 0.13427734375 0.49755859375 0.0478515625 0.0673828125
6 0.16748046875 0.4833984375 0.0556640625 0.068359375
6 0.20068359375 0.46630859375 0.0576171875 0.0693359375
6 0.23193359375 0.447265625 0.0615234375 0.076171875
6 0.2626953125 0.42724609375 0.0546875 0.0771484375
6 0.2919921875 0.41455078125 0.046875 0.0615234375
6 0.359375 0.37646484375 0.0546875 0.0693359375
6 0.27001953125 0.81298828125 0.0869140625 0.1279296875
6 0.390625 0.36181640625 0.03515625 0.0419921875
6 0.4169921875 0.34912109375 0.05078125 0.0673828125
6 0.43798828125 0.3193359375 0.0615234375 0.0859375
6 0.17822265625 0.58154296875 0.0693359375 0.0908203125
6 0.2177734375 0.5595703125 0.06640625 0.08984375
6 0.26025390625 0.5419921875 0.0693359375 0.091796875
6 0.333984375 0.49755859375 0.076171875 0.0966796875
6 0.40771484375 0.4580078125 0.0673828125 0.0859375
6 0.443359375 0.4375 0.064453125 0.083984375
6 0.4775390625 0.4228515625 0.068359375 0.099609375
6 0.11328125 0.5673828125 0.11328125 0.169921875
5 0.81787109375 0.41552734375 0.0458984375 0.0400390625
5 0.64208984375 0.2529296875 0.0341796875 0.01953125
5 0.63818359375 0.27490234375 0.0302734375 0.0185546875
5 0.7177734375 0.43212890625 0.041015625 0.0322265625
5 0.7685546875 0.5166015625 0.044921875 0.048828125
5 0.75732421875 0.49609375 0.0419921875 0.04296875
5 0.8359375 0.5400390625 0.01953125 0.03515625
5 0.87841796875 0.53857421875 0.0244140625 0.0341796875
5 0.95751953125 0.50146484375 0.0341796875 0.0361328125
5 0.9736328125 0.48095703125 0.037109375 0.0341796875
5 0.986328125 0.44189453125 0.02734375 0.0283203125
5 0.98583984375 0.36328125 0.0283203125 0.0234375
5 0.80029296875 0.400390625 0.0419921875 0.033203125
5 0.87353515625 0.27001953125 0.0380859375 0.0341796875
5 0.890625 0.30126953125 0.0390625 0.0263671875
5 0.91064453125 0.38427734375 0.0498046875 0.0244140625
5 0.671875 0.35205078125 0.0390625 0.0322265625
5 0.66015625 0.33349609375 0.03515625 0.0283203125
6 0.798828125 0.9140625 0.033203125 0.048828125
6 0.85302734375 0.9931640625 0.0380859375 0.013671875
5 0.8671875 0.13623046875 0.02734375 0.0400390625
5 0.697265625 0.15380859375 0.033203125 0.0380859375
5 0.68017578125 0.16845703125 0.0341796875 0.0322265625
4 0.74853515625 0.31005859375 0.0341796875 0.0283203125
4 0.67236328125 0.19189453125 0.0400390625 0.0361328125
4 0.64990234375 0.2314453125 0.0439453125 0.025390625
4 0.6455078125 0.294921875 0.037109375 0.025390625
4 0.65234375 0.3154296875 0.0390625 0.029296875
4 0.71484375 0.34130859375 0.0234375 0.0380859375
4 0.76220703125 0.34375 0.0361328125 0.03125
4 0.9013671875 0.4072265625 0.037109375 0.02734375
4 0.89501953125 0.43359375 0.0361328125 0.0390625
4 0.78759765625 0.53125 0.0341796875 0.0390625
4 0.9189453125 0.53173828125 0.033203125 0.0380859375
4 0.98193359375 0.46240234375 0.0341796875 0.0263671875
4 0.982421875 0.30859375 0.03515625 0.025390625
4 0.78369140625 0.37646484375 0.0361328125 0.0302734375
4 0.74267578125 0.48291015625 0.0361328125 0.0380859375
4 0.80908203125 0.541015625 0.0341796875 0.04296875
4 0.9375 0.51611328125 0.03515625 0.0380859375
12 0.30126953125 0.46484375 0.4091796875 0.333984375
