6 0.681640625 0.12353515625 0.052734375 0.0673828125
6 0.34716796875 0.0146484375 0.0654296875 0.02734375
6 0.65283203125 0.0361328125 0.0595703125 0.0703125
6 0.591796875 0.072265625 0.060546875 0.080078125
6 0.52685546875 0.10693359375 0.0615234375 0.0751953125
6 0.4970703125 0.13134765625 0.052734375 0.0693359375
6 0.45361328125 0.1455078125 0.0615234375 0.080078125
6 0.73876953125 0.0859375 0.0498046875 0.064453125
6 0.71923828125 0.1083984375 0.0322265625 0.041015625
6 0.64501953125 0.142578125 0.0517578125 0.06640625
6 0.5908203125 0.169921875 0.05078125 0.06640625
6 0.556640625 0.1884765625 0.048828125 0.064453125
6 0.5341796875 0.216796875 0.052734375 0.0703125
6 0.4990234375 0.2216796875 0.048828125 0.064453125
6 0.794921875 0.26806640625 0.0546875 0.0732421875
6 0.75927734375 0.28564453125 0.0654296875 0.0849609375
6 0.70068359375 0.3232421875 0.0498046875 0.06640625
6 0.658203125 0.34228515625 0.0390625 0.0478515625
6 0.56787109375 0.41357421875 0.0751953125 0.1025390625
6 0.90771484375 0.3251953125 0.0771484375 0.10546875
6 0.75927734375 0.4033203125 0.0771484375 0.103515625
12 0.4599609375 0.01318359375 0.4140625 0.0244140625
12 0.59521484375 0.13427734375 0.3740234375 0.2666015625
12 0.7470703125 0.35693359375 0.380859375 0.3232421875
12 0.86962890625 0.6748046875 0.2607421875 0.35546875
6 0.27001953125 0.00244140625 0.0869140625 0.0029296875
6 0.685546875 0.44384765625 0.078125 0.1103515625
6 0.64990234375 0.4716796875 0.0791015625 0.111328125
6 0.7939453125 0.6806640625 0.07421875 0.103515625
6 0.8681640625 0.63916015625 0.0703125 0.0927734375
6 0.85986328125 0.14892578125 0.0224609375 0.0244140625
6 0.798828125 0.041015625 0.033203125 0.048828125
6 0.85302734375 0.138671875 0.0380859375 0.05078125
6 0.87890625 0.18994140625 0.025390625 0.0322265625
6 0.9521484375 0.595703125 0.0703125 0.095703125
6 0.85205078125 0.78466796875 0.0732421875 0.1044921875
6 0.939453125 0.74560546875 0.08203125 0.1123046875
6 0.98486328125 0.693359375 0.0302734375 0.083984375
6 0.78125 0.779296875 0.11328125 0.146484375
