6 0.681640625 0.49658203125 0.052734375 0.0673828125
6 0.55322265625 0.24072265625 0.0673828125 0.0869140625
6 0.48388671875 0.27978515625 0.0693359375 0.0888671875
6 0.4150390625 0.314453125 0.060546875 0.080078125
6 0.34716796875 0.35986328125 0.0654296875 0.0830078125
6 0.65283203125 0.40625 0.0595703125 0.076171875
6 0.591796875 0.4453125 0.060546875 0.080078125
6 0.52685546875 0.47998046875 0.0615234375 0.0751953125
6 0.4970703125 0.50439453125 0.052734375 0.0693359375
6 0.45361328125 0.5185546875 0.0615234375 0.080078125
6 0.73876953125 0.458984375 0.0498046875 0.064453125
6 0.71923828125 0.4814453125 0.0322265625 0.041015625
6 0.64501953125 0.515625 0.0517578125 0.06640625
6 0.4052734375 0.20751953125 0.06640625 0.0869140625
6 0.5908203125 0.54296875 0.05078125 0.06640625
6 0.556640625 0.5615234375 0.048828125 0.064453125
6 0.5341796875 0.58984375 0.052734375 0.0703125
6 0.4990234375 0.5947265625 0.048828125 0.064453125
6 0.794921875 0.64111328125 0.0546875 0.0732421875
6 0.75927734375 0.65869140625 0.0654296875 0.0849609375
6 0.70068359375 0.6962890625 0.0498046875 0.06640625
6 0.658203125 0.71533203125 0.0390625 0.0478515625
6 0.56787109375 0.78662109375 0.0751953125 0.1025390625
6 0.90771484375 0.6982421875 0.0771484375 0.10546875
6 0.75927734375 0.7763671875 0.0771484375 0.103515625
6 0.482421875 0.16845703125 0.0625 0.0849609375
6 0.333984375 0.24853515625 0.06640625 0.0888671875
12 0.4599609375 0.23388671875 0.4140625 0.3291015625
12 0.59521484375 0.48828125 0.3740234375 0.3046875
12 0.7470703125 0.72998046875 0.380859375 0.3232421875
12 0.86962890625 0.93505859375 0.2607421875 0.1298828125
6 0.13427734375 0.01611328125 0.0478515625 0.0302734375
6 0.16748046875 0.00927734375 0.0556640625 0.0166015625
6 0.27001953125 0.31298828125 0.0869140625 0.1279296875
6 0.17822265625 0.08154296875 0.0693359375 0.0908203125
6 0.2177734375 0.0595703125 0.06640625 0.08984375
6 0.26025390625 0.04443359375 0.0693359375 0.0869140625
6 0.333984375 0.0234375 0.076171875 0.044921875
6 0.11328125 0.07666015625 0.11328125 0.1513671875
6 0.685546875 0.81689453125 0.078125 0.1103515625
6 0.64990234375 0.8447265625 0.0791015625 0.111328125
5 0.7685546875 0.02099609375 0.044921875 0.0400390625
5 0.75732421875 0.00927734375 0.0419921875 0.0166015625
5 0.8359375 0.0400390625 0.01953125 0.03515625
5 0.87841796875 0.03857421875 0.0244140625 0.0341796875
5 0.95751953125 0.01025390625 0.0341796875 0.0185546875
6 0.8681640625 0.98291015625 0.0703125 0.0341796875
6 0.85986328125 0.52197265625 0.0224609375 0.0244140625
6 0.798828125 0.4140625 0.033203125 0.048828125
6 0.85302734375 0.51171875 0.0380859375 0.05078125
6 0.87890625 0.56298828125 0.025390625 0.0322265625
6 0.9521484375 0.96044921875 0.0703125 0.0791015625
4 0.78759765625 0.03125 0.0341796875 0.0390625
4 0.9189453125 0.03173828125 0.033203125 0.0380859375
4 0.74267578125 0.00146484375 0.0361328125 0.0009765625
4 0.80908203125 0.041015625 0.0341796875 0.04296875
4 0.9375 0.01806640625 0.03515625 0.0341796875
12 0.30126953125 0.06640625 0.4091796875 0.130859375
