6 0.431640625 0.49658203125 0.052734375 0.0673828125
6 0.30322265625 0.24072265625 0.0673828125 0.0869140625
6 0.23388671875 0.27978515625 0.0693359375 0.0888671875
6 0.1650390625 0.314453125 0.060546875 0.080078125
6 0.09716796875 0.35986328125 0.0654296875 0.0830078125
6 0.40283203125 0.40625 0.0595703125 0.076171875
6 0.341796875 0.4453125 0.060546875 0.080078125
6 0.27685546875 0.47998046875 0.0615234375 0.0751953125
6 0.2470703125 0.50439453125 0.052734375 0.0693359375
6 0.20361328125 0.5185546875 0.0615234375 0.080078125
6 0.48876953125 0.458984375 0.0498046875 0.064453125
6 0.46923828125 0.4814453125 0.0322265625 0.041015625
6 0.39501953125 0.515625 0.0517578125 0.06640625
6 0.1552734375 0.20751953125 0.06640625 0.0869140625
6 0.3408203125 0.54296875 0.05078125 0.06640625
6 0.306640625 0.5615234375 0.048828125 0.064453125
6 0.2841796875 0.58984375 0.052734375 0.0703125
6 0.2490234375 0.5947265625 0.048828125 0.064453125
6 0.544921875 0.64111328125 0.0546875 0.0732421875
6 0.50927734375 0.65869140625 0.0654296875 0.0849609375
6 0.45068359375 0.6962890625 0.0498046875 0.06640625
6 0.408203125 0.71533203125 0.0390625 0.0478515625
6 0.31787109375 0.78662109375 0.0751953125 0.1025390625
6 0.65771484375 0.6982421875 0.0771484375 0.10546875
6 0.50927734375 0.7763671875 0.0771484375 0.103515625
6 0.232421875 0.16845703125 0.0625 0.0849609375
6 0.083984375 0.24853515625 0.06640625 0.0888671875
12 0.2099609375 0.23388671875 0.4140625 0.3291015625
12 0.34521484375 0.48828125 0.3740234375 0.3046875
12 0.4970703125 0.72998046875 0.380859375 0.3232421875
12 0.681640625 0.93505859375 0.384765625 0.1298828125
6 0.0322265625 0.31298828125 0.0625 0.1279296875
6 0.02294921875 0.04443359375 0.0439453125 0.0869140625
6 0.083984375 0.0234375 0.076171875 0.044921875
6 0.435546875 0.81689453125 0.078125 0.1103515625
6 0.39990234375 0.8447265625 0.0791015625 0.111328125
5 0.5185546875 0.02099609375 0.044921875 0.0400390625
5 0.50732421875 0.00927734375 0.0419921875 0.0166015625
5 0.5859375 0.0400390625 0.01953125 0.03515625
5 0.62841796875 0.03857421875 0.0244140625 0.0341796875
5 0.70751953125 0.01025390625 0.0341796875 0.0185546875
6 0.6181640625 0.98291015625 0.0703125 0.0341796875
6 0.82373046875 0.91064453125 0.0458984375 0.0615234375
6 0.60986328125 0.52197265625 0.0224609375 0.0244140625
6 0.548828125 0.4140625 0.033203125 0.048828125
6 0.60302734375 0.51171875 0.0380859375 0.05078125
6 0.62890625 0.56298828125 0.025390625 0.0322265625
6 0.7021484375 0.96044921875 0.0703125 0.0791015625
6 0.8046875 0.99169921875 0.044921875 0.0166015625
4 0.53759765625 0.03125 0.0341796875 0.0390625
4 0.6689453125 0.03173828125 0.033203125 0.0380859375
4 0.49267578125 0.00146484375 0.0361328125 0.0009765625
4 0.55908203125 0.041015625 0.0341796875 0.04296875
4 0.6875 0.01806640625 0.03515625 0.0341796875
12 0.12841796875 0.06640625 0.2548828125 0.130859375
