9 0.89111328125 0.15673828125 0.0244140625 0.0244140625
6 0.431640625 0.9814453125 0.052734375 0.037109375
6 0.30322265625 0.74072265625 0.0673828125 0.0869140625
6 0.23388671875 0.77978515625 0.0693359375 0.0888671875
6 0.1650390625 0.814453125 0.060546875 0.080078125
6 0.09716796875 0.85986328125 0.0654296875 0.0830078125
6 0.40283203125 0.90625 0.0595703125 0.076171875
6 0.341796875 0.9453125 0.060546875 0.080078125
6 0.27685546875 0.97119140625 0.0615234375 0.0576171875
6 0.2470703125 0.98486328125 0.052734375 0.0302734375
6 0.20361328125 0.9892578125 0.0615234375 0.021484375
6 0.48876953125 0.958984375 0.0498046875 0.064453125
6 0.46923828125 0.98046875 0.0322265625 0.0390625
6 0.39501953125 0.9912109375 0.0517578125 0.017578125
6 0.1552734375 0.70751953125 0.06640625 0.0869140625
6 0.232421875 0.66845703125 0.0625 0.0849609375
6 0.083984375 0.74853515625 0.06640625 0.0888671875
9 0.9453125 0.11962890625 0.02734375 0.0263671875
6 0.0771484375 0.39453125 0.05859375 0.072265625
12 0.2099609375 0.73388671875 0.4140625 0.3291015625
12 0.34521484375 0.91796875 0.3740234375 0.1640625
6 0.0068359375 0.447265625 0.01171875 0.076171875
6 0.0205078125 0.42724609375 0.0390625 0.0771484375
6 0.0419921875 0.41455078125 0.046875 0.0615234375
6 0.109375 0.37646484375 0.0546875 0.0693359375
6 0.0322265625 0.81298828125 0.0625 0.1279296875
6 0.140625 0.36181640625 0.03515625 0.0419921875
6 0.1669921875 0.34912109375 0.05078125 0.0673828125
6 0.18798828125 0.3193359375 0.0615234375 0.0859375
6 0.02294921875 0.5419921875 0.0439453125 0.091796875
6 0.083984375 0.49755859375 0.076171875 0.0966796875
6 0.15771484375 0.4580078125 0.0673828125 0.0859375
6 0.193359375 0.4375 0.064453125 0.083984375
6 0.2275390625 0.4228515625 0.068359375 0.099609375
5 0.56787109375 0.41552734375 0.0458984375 0.0400390625
5 0.39208984375 0.2529296875 0.0341796875 0.01953125
5 0.38818359375 0.27490234375 0.0302734375 0.0185546875
5 0.4677734375 0.43212890625 0.041015625 0.0322265625
5 0.5185546875 0.5166015625 0.044921875 0.048828125
5 0.50732421875 0.49609375 0.0419921875 0.04296875
5 0.5859375 0.5400390625 0.01953125 0.03515625
5 0.62841796875 0.53857421875 0.0244140625 0.0341796875
5 0.70751953125 0.50146484375 0.0341796875 0.0361328125
5 0.7236328125 0.48095703125 0.037109375 0.0341796875
5 0.74072265625 0.44189453125 0.0361328125 0.0283203125
5 0.7451171875 0.36328125 0.046875 0.0234375
5 0.55029296875 0.400390625 0.0419921875 0.033203125
5 0.62353515625 0.27001953125 0.0380859375 0.0341796875
5 0.640625 0.30126953125 0.0390625 0.0263671875
5 0.66064453125 0.38427734375 0.0498046875 0.0244140625
5 0.421875 0.35205078125 0.0390625 0.0322265625
5 0.41015625 0.33349609375 0.03515625 0.0283203125
6 0.548828125 0.9140625 0.033203125 0.048828125
6 0.60302734375 0.9931640625 0.0380859375 0.013671875
9 0.9130859375 0.1201171875 0.02734375 0.02734375
5 0.6171875 0.13623046875 0.02734375 0.0400390625
5 0.447265625 0.15380859375 0.033203125 0.0380859375
5 0.43017578125 0.16845703125 0.0341796875 0.0322265625
4 0.49853515625 0.31005859375 0.0341796875 0.0283203125
4 0.42236328125 0.19189453125 0.0400390625 0.0361328125
4 0.39990234375 0.2314453125 0.0439453125 0.025390625
4 0.3955078125 0.294921875 0.037109375 0.025390625
4 0.40234375 0.3154296875 0.0390625 0.029296875
4 0.46484375 0.34130859375 0.0234375 0.0380859375
4 0.51220703125 0.34375 0.0361328125 0.03125
4 0.6513671875 0.4072265625 0.037109375 0.02734375
4 0.64501953125 0.43359375 0.0361328125 0.0390625
4 0.53759765625 0.53125 0.0341796875 0.0390625
4 0.6689453125 0.53173828125 0.033203125 0.0380859375
4 0.73193359375 0.46240234375 0.0341796875 0.0263671875
4 0.73291015625 0.30859375 0.0361328125 0.025390625
4 0.53369140625 0.37646484375 0.0361328125 0.0302734375
4 0.49267578125 0.48291015625 0.0361328125 0.0380859375
4 0.55908203125 0.541015625 0.0341796875 0.04296875
4 0.6875 0.51611328125 0.03515625 0.0380859375
12 0.12841796875 0.46484375 0.2548828125 0.333984375
