6 0.17138671875 0.86279296875 0.0322265625 0.0439453125
6 0.15771484375 0.84912109375 0.0341796875 0.0439453125
6 0.13330078125 0.83544921875 0.0322265625 0.0458984375
6 0.12109375 0.89794921875 0.0390625 0.0537109375
6 0.0947265625 0.81005859375 0.041015625 0.0537109375
6 0.08056640625 0.79345703125 0.0380859375 0.0478515625
6 0.037109375 0.8486328125 0.0390625 0.05078125
6 0.056640625 0.7890625 0.029296875 0.037109375
6 0.03857421875 0.78515625 0.0263671875 0.03515625
6 0.00732421875 0.82666015625 0.0126953125 0.0537109375
6 0.54296875 0.87548828125 0.0703125 0.0732421875
6 0.60009765625 0.8828125 0.0361328125 0.0390625
6 0.54345703125 0.9140625 0.0419921875 0.044921875
6 0.63671875 0.90380859375 0.03125 0.0361328125
6 0.5732421875 0.93310546875 0.041015625 0.0478515625
6 0.5888671875 0.94482421875 0.033203125 0.0439453125
6 0.607421875 0.9599609375 0.037109375 0.046875
6 0.6240234375 0.970703125 0.03125 0.0390625
6 0.64990234375 0.91650390625 0.0380859375 0.0419921875
6 0.6416015625 0.9814453125 0.03515625 0.037109375
6 0.66455078125 0.92236328125 0.0517578125 0.0556640625
6 0.654296875 0.98681640625 0.04296875 0.0263671875
6 0.67626953125 0.9931640625 0.0419921875 0.013671875
6 0.00634765625 0.7177734375 0.0107421875 0.04296875
6 0.037109375 0.73291015625 0.033203125 0.0283203125
6 0.21875 0.8798828125 0.03125 0.04296875
6 0.2685546875 0.82177734375 0.033203125 0.0322265625
6 0.2568359375 0.81103515625 0.03125 0.0302734375
6 0.23974609375 0.7978515625 0.0361328125 0.03125
6 0.28564453125 0.7685546875 0.0458984375 0.044921875
6 0.20068359375 0.73779296875 0.0322265625 0.0322265625
6 0.19384765625 0.72314453125 0.0322265625 0.0244140625
6 0.08984375 0.7099609375 0.03125 0.033203125
6 0.1240234375 0.6171875 0.03515625 0.04296875
6 0.10986328125 0.63037109375 0.0322265625 0.0400390625
6 0.09326171875 0.64453125 0.0341796875 0.041015625
6 0.0751953125 0.654296875 0.0390625 0.044921875
6 0.0439453125 0.6796875 0.037109375 0.044921875
6 0.0146484375 0.7001953125 0.02734375 0.046875
6 0.712890625 0.96728515625 0.037109375 0.0419921875
6 0.72705078125 0.98095703125 0.0341796875 0.0380859375
6 0.74462890625 0.98486328125 0.0361328125 0.0302734375
6 0.7626953125 0.982421875 0.05078125 0.03515625
6 0.7822265625 0.99169921875 0.046875 0.0166015625
6 0.7998046875 0.9990234375 0.048828125 0.001953125
6 0.0263671875 0.97607421875 0.05078125 0.0478515625
12 0.1357421875 0.75537109375 0.26953125 0.4560546875
12 0.07666015625 0.67529296875 0.1513671875 0.1748046875
12 0.7431640625 0.92041015625 0.453125 0.1591796875
12 0.591796875 0.951171875 0.54296875 0.09765625
12 0.97998046875 0.91357421875 0.0400390625 0.1728515625
4 0.2890625 0.18115234375 0.021484375 0.0283203125
4 0.369140625 0.216796875 0.021484375 0.03125
4 0.38720703125 0.224609375 0.0185546875 0.025390625
4 0.41845703125 0.23876953125 0.0205078125 0.0263671875
4 0.4404296875 0.24853515625 0.017578125 0.0244140625
4 0.47021484375 0.25927734375 0.0185546875 0.0244140625
4 0.4814453125 0.265625 0.021484375 0.02734375
4 0.51513671875 0.2197265625 0.0205078125 0.025390625
4 0.54443359375 0.3203125 0.0166015625 0.01953125
4 0.736328125 0.3623046875 0.025390625 0.0234375
4 0.7568359375 0.35107421875 0.01953125 0.0205078125
4 0.76513671875 0.34619140625 0.0244140625 0.0224609375
4 0.7744140625 0.33642578125 0.01953125 0.0224609375
4 0.859375 0.390625 0.021484375 0.021484375
6 0.578125 0.47705078125 0.0703125 0.0732421875
6 0.693359375 0.33984375 0.029296875 0.02734375
12 0.00927734375 0.4560546875 0.0166015625 0.107421875
12 0.318359375 0.53125 0.625 0.583984375
6 0.49853515625 0.99658203125 0.0400390625 0.0068359375
6 0.48388671875 0.986328125 0.0419921875 0.02734375
6 0.46337890625 0.9853515625 0.0283203125 0.029296875
6 0.44921875 0.97509765625 0.041015625 0.0478515625
6 0.43359375 0.95654296875 0.044921875 0.0537109375
6 0.3935546875 0.994140625 0.052734375 0.01171875
6 0.375 0.98779296875 0.05078125 0.0244140625
6 0.39794921875 0.94091796875 0.0400390625 0.0439453125
6 0.3359375 0.9658203125 0.060546875 0.068359375
12 0.0302734375 0.54248046875 0.05859375 0.0927734375
6 0.03173828125 0.41650390625 0.0595703125 0.0556640625
