6 0.95654296875 0.86572265625 0.0478515625 0.0576171875
6 0.1279296875 0.43896484375 0.0703125 0.0732421875
6 0.18505859375 0.4462890625 0.0361328125 0.0390625
6 0.12841796875 0.4775390625 0.0419921875 0.044921875
6 0.2216796875 0.46728515625 0.03125 0.0361328125
6 0.158203125 0.49658203125 0.041015625 0.0478515625
6 0.173828125 0.50830078125 0.033203125 0.0439453125
6 0.1923828125 0.5234375 0.037109375 0.046875
6 0.208984375 0.5341796875 0.03125 0.0390625
6 0.23486328125 0.47998046875 0.0380859375 0.0419921875
6 0.2265625 0.546875 0.03515625 0.041015625
6 0.24951171875 0.48583984375 0.0517578125 0.0556640625
6 0.2392578125 0.56298828125 0.04296875 0.0517578125
6 0.26123046875 0.57421875 0.0419921875 0.048828125
6 0.2978515625 0.53076171875 0.037109375 0.0419921875
6 0.31201171875 0.5458984375 0.0341796875 0.041015625
6 0.32958984375 0.5546875 0.0361328125 0.04296875
6 0.34765625 0.55908203125 0.05078125 0.0615234375
6 0.39306640625 0.9716796875 0.0576171875 0.05078125
6 0.38671875 0.888671875 0.05859375 0.06640625
6 0.41796875 0.828125 0.033203125 0.03515625
6 0.36669921875 0.876953125 0.0576171875 0.0703125
6 0.33447265625 0.86962890625 0.0654296875 0.0732421875
6 0.3828125 0.81201171875 0.04296875 0.0498046875
6 0.36328125 0.79443359375 0.04296875 0.0517578125
6 0.31787109375 0.85546875 0.0498046875 0.05859375
6 0.30078125 0.83447265625 0.052734375 0.0615234375
6 0.34423828125 0.783203125 0.0439453125 0.052734375
6 0.32861328125 0.7646484375 0.0439453125 0.052734375
6 0.28466796875 0.81982421875 0.0498046875 0.0595703125
6 0.26171875 0.80615234375 0.060546875 0.0693359375
6 0.31005859375 0.7509765625 0.0458984375 0.0546875
6 0.287109375 0.734375 0.041015625 0.048828125
6 0.271484375 0.72021484375 0.041015625 0.0458984375
6 0.244140625 0.78759765625 0.052734375 0.0615234375
6 0.2255859375 0.77392578125 0.05078125 0.0576171875
6 0.20654296875 0.75732421875 0.0498046875 0.0595703125
6 0.2314453125 0.697265625 0.03515625 0.041015625
6 0.24853515625 0.70703125 0.0400390625 0.048828125
6 0.16845703125 0.7294921875 0.0498046875 0.060546875
6 0.1494140625 0.716796875 0.05078125 0.05859375
6 0.1328125 0.6953125 0.05078125 0.0546875
6 0.1640625 0.6328125 0.044921875 0.05078125
6 0.14111328125 0.62353515625 0.0419921875 0.0478515625
6 0.12646484375 0.6083984375 0.0439453125 0.052734375
6 0.41064453125 0.953125 0.0791015625 0.06640625
6 0.4228515625 0.93212890625 0.052734375 0.0517578125
6 0.4423828125 0.91455078125 0.0703125 0.0634765625
6 0.45263671875 0.65087890625 0.0419921875 0.0478515625
6 0.294921875 0.60302734375 0.03515625 0.0439453125
6 0.31005859375 0.61572265625 0.0361328125 0.0419921875
6 0.3271484375 0.63037109375 0.03125 0.0380859375
6 0.3671875 0.57470703125 0.046875 0.0556640625
6 0.34521484375 0.638671875 0.0380859375 0.048828125
6 0.384765625 0.58837890625 0.048828125 0.0537109375
6 0.4013671875 0.60595703125 0.044921875 0.0517578125
6 0.36376953125 0.65380859375 0.0322265625 0.0380859375
6 0.37841796875 0.66552734375 0.0400390625 0.0478515625
6 0.3916015625 0.6796875 0.04296875 0.052734375
6 0.41845703125 0.61669921875 0.0498046875 0.0576171875
6 0.4384765625 0.630859375 0.05078125 0.060546875
6 0.47265625 0.666015625 0.03515625 0.04296875
6 0.4580078125 0.8916015625 0.048828125 0.046875
6 0.4873046875 0.6767578125 0.037109375 0.041015625
6 0.5 0.6875 0.03515625 0.041015625
6 0.5380859375 0.70947265625 0.03125 0.0380859375
6 0.46630859375 0.72998046875 0.0341796875 0.0380859375
6 0.48193359375 0.740234375 0.0341796875 0.0390625
6 0.49951171875 0.75537109375 0.0302734375 0.0341796875
6 0.44482421875 0.71630859375 0.0341796875 0.0380859375
6 0.42919921875 0.705078125 0.0380859375 0.044921875
6 0.53125 0.79443359375 0.056640625 0.0537109375
6 0.56103515625 0.7509765625 0.0498046875 0.046875
6 0.521484375 0.8115234375 0.03125 0.02734375
6 0.47509765625 0.873046875 0.0654296875 0.05859375
6 0.09375 0.6689453125 0.041015625 0.048828125
12 0.328125 0.59130859375 0.453125 0.3740234375
12 0.224609375 0.69677734375 0.447265625 0.4619140625
12 0.4912109375 0.83251953125 0.259765625 0.3037109375
12 0.69091796875 0.55615234375 0.2919921875 0.3310546875
12 0.74267578125 0.87451171875 0.2646484375 0.2490234375
6 0.10888671875 0.6875 0.0478515625 0.05859375
6 0.07568359375 0.65283203125 0.0517578125 0.0615234375
6 0.1630859375 0.04052734375 0.0703125 0.0732421875
4 0.82373046875 0.216796875 0.0205078125 0.01171875
4 0.81005859375 0.2041015625 0.0185546875 0.01171875
4 0.798828125 0.1923828125 0.017578125 0.009765625
4 0.80908203125 0.14111328125 0.0146484375 0.0302734375
4 0.82373046875 0.15478515625 0.0126953125 0.0302734375
4 0.83642578125 0.16650390625 0.0107421875 0.0244140625
4 0.8486328125 0.177734375 0.01171875 0.02734375
4 0.86474609375 0.19677734375 0.0185546875 0.0283203125
12 0.1083984375 0.19384765625 0.21484375 0.3857421875
4 0.83642578125 0.22900390625 0.0224609375 0.0107421875
4 0.81005859375 0.22900390625 0.0244140625 0.0107421875
4 0.83642578125 0.25439453125 0.0244140625 0.0107421875
4 0.65576171875 0.15234375 0.0185546875 0.025390625
6 0.48779296875 0.845703125 0.0654296875 0.05859375
6 0.59716796875 0.71044921875 0.0576171875 0.0498046875
6 0.1884765625 0.74169921875 0.05078125 0.0576171875
4 0.6376953125 0.1103515625 0.0234375 0.025390625
4 0.6630859375 0.08642578125 0.025390625 0.0244140625
4 0.67138671875 0.080078125 0.0224609375 0.0234375
4 0.6796875 0.07275390625 0.0234375 0.0263671875
4 0.68798828125 0.0654296875 0.0224609375 0.021484375
4 0.763671875 0.072265625 0.01953125 0.013671875
4 0.8671875 0.02099609375 0.0234375 0.0302734375
4 0.76220703125 0.1025390625 0.0107421875 0.02734375
4 0.70703125 0.1318359375 0.029296875 0.01171875
4 0.6884765625 0.177734375 0.015625 0.025390625
4 0.89501953125 0.302734375 0.0224609375 0.021484375
4 0.73193359375 0.15576171875 0.0224609375 0.0087890625
4 0.74609375 0.1455078125 0.021484375 0.01171875
4 0.77685546875 0.16650390625 0.0224609375 0.0107421875
4 0.78515625 0.1796875 0.01953125 0.009765625
4 0.76904296875 0.19091796875 0.0244140625 0.0126953125
4 0.7314453125 0.216796875 0.015625 0.025390625
4 0.74169921875 0.22705078125 0.0126953125 0.0263671875
4 0.814453125 0.294921875 0.015625 0.03125
4 0.82666015625 0.3017578125 0.0166015625 0.0234375
4 0.8701171875 0.33056640625 0.025390625 0.0244140625
4 0.8779296875 0.322265625 0.0234375 0.021484375
4 0.88623046875 0.31201171875 0.0205078125 0.0224609375
6 0.0546875 0.64111328125 0.052734375 0.0634765625
6 0.638671875 0.66650390625 0.06640625 0.0595703125
6 0.56005859375 0.65576171875 0.0341796875 0.0322265625
6 0.58056640625 0.62646484375 0.0419921875 0.0400390625
6 0.59619140625 0.6171875 0.0341796875 0.0390625
6 0.61962890625 0.68603515625 0.0595703125 0.0537109375
6 0.607421875 0.60302734375 0.03515625 0.0302734375
6 0.6171875 0.5888671875 0.037109375 0.03515625
6 0.08349609375 0.580078125 0.0400390625 0.046875
6 0.0224609375 0.6162109375 0.04296875 0.060546875
6 0.06884765625 0.56005859375 0.0419921875 0.0478515625
6 0.04833984375 0.55224609375 0.0283203125 0.0361328125
6 0.0341796875 0.53857421875 0.041015625 0.0478515625
6 0.02099609375 0.52001953125 0.0400390625 0.0537109375
6 0.01416015625 0.5966796875 0.0263671875 0.060546875
6 0.0029296875 0.58642578125 0.00390625 0.0693359375
6 0.001953125 0.50439453125 0.001953125 0.0439453125
6 0.005859375 0.8955078125 0.009765625 0.04296875
6 0.00390625 0.91015625 0.005859375 0.064453125
6 0.7255859375 0.5439453125 0.03125 0.03125
6 0.703125 0.576171875 0.041015625 0.037109375
6 0.6552734375 0.54541015625 0.03125 0.0322265625
6 0.6669921875 0.6220703125 0.05859375 0.0546875
6 0.6552734375 0.646484375 0.05859375 0.0546875
6 0.638671875 0.5625 0.029296875 0.02734375
6 0.62646484375 0.57373046875 0.0439453125 0.0419921875
