12 0.013671875 0.7236328125 0.025390625 0.09765625
12 0.05224609375 0.89013671875 0.1025390625 0.1943359375
12 0.06640625 0.97509765625 0.130859375 0.0498046875
12 0.24951171875 0.861328125 0.1240234375 0.16796875
6 0.1044921875 0.9990234375 0.068359375 0.001953125
6 0.03369140625 0.97998046875 0.0224609375 0.0400390625
6 0.01806640625 0.984375 0.0166015625 0.03125
4 0.04248046875 0.52001953125 0.0166015625 0.0224609375
4 0.18701171875 0.55078125 0.0166015625 0.0234375
4 0.1982421875 0.5546875 0.015625 0.025390625
4 0.21142578125 0.55859375 0.0166015625 0.0234375
4 0.2333984375 0.56640625 0.01953125 0.029296875
4 0.7890625 0.68115234375 0.021484375 0.0283203125
4 0.869140625 0.716796875 0.021484375 0.03125
4 0.88720703125 0.724609375 0.0185546875 0.025390625
4 0.91845703125 0.73876953125 0.0205078125 0.0263671875
4 0.9404296875 0.74853515625 0.017578125 0.0244140625
4 0.97021484375 0.75927734375 0.0185546875 0.0244140625
4 0.9814453125 0.765625 0.021484375 0.02734375
6 0.01318359375 0.892578125 0.0224609375 0.04296875
6 0.05078125 0.88623046875 0.0234375 0.0458984375
6 0.0224609375 0.8271484375 0.029296875 0.060546875
6 0.103515625 0.81494140625 0.013671875 0.0341796875
6 0.126953125 0.9326171875 0.0234375 0.03515625
12 0.3720703125 0.951171875 0.291015625 0.09765625
12 0.7529296875 0.86962890625 0.494140625 0.2607421875
12 0.50732421875 0.998046875 0.1044921875 0.00390625
6 0.53173828125 0.91650390625 0.0595703125 0.0556640625
6 0.01025390625 0.7265625 0.0185546875 0.015625
