6 0.19482421875 0.01708984375 0.0283203125 0.0322265625
6 0.22607421875 0.02734375 0.0458984375 0.052734375
6 0.248046875 0.03564453125 0.02734375 0.0478515625
6 0.279296875 0.037109375 0.04296875 0.072265625
6 0.30322265625 0.05126953125 0.0400390625 0.0654296875
6 0.333984375 0.0537109375 0.04296875 0.072265625
6 0.3544921875 0.07568359375 0.03515625 0.0615234375
6 0.38330078125 0.0830078125 0.0380859375 0.06640625
6 0.41259765625 0.08642578125 0.0400390625 0.0693359375
6 0.44384765625 0.09130859375 0.0419921875 0.0673828125
6 0.46923828125 0.10546875 0.0458984375 0.080078125
6 0.49365234375 0.119140625 0.0400390625 0.064453125
6 0.54931640625 0.13037109375 0.0439453125 0.0732421875
6 0.572265625 0.14111328125 0.041015625 0.0771484375
6 0.60595703125 0.1455078125 0.0458984375 0.078125
6 0.65966796875 0.15625 0.0458984375 0.076171875
6 0.78955078125 0.2119140625 0.0400390625 0.068359375
6 0.818359375 0.22900390625 0.0390625 0.0576171875
6 0.845703125 0.23095703125 0.041015625 0.0712890625
6 0.87548828125 0.23828125 0.0400390625 0.07421875
6 0.90087890625 0.24365234375 0.0419921875 0.0732421875
6 0.95458984375 0.259765625 0.0361328125 0.0625
12 0.908203125 0.03662109375 0.18359375 0.0712890625
6 0.857421875 0.453125 0.28515625 0.2421875
12 0.4453125 0.11669921875 0.572265625 0.2314453125
12 0.85888671875 0.3046875 0.2822265625 0.291015625
6 0.09326171875 0.0224609375 0.1376953125 0.04296875
6 0.86669921875 0.01123046875 0.0576171875 0.0205078125
6 0.9169921875 0.001953125 0.033203125 0.001953125
6 0.962890625 0.01025390625 0.033203125 0.0185546875
6 0.98681640625 0.0146484375 0.0263671875 0.02734375
6 0.94677734375 0.03662109375 0.0673828125 0.0439453125
6 0.51513671875 0.12939453125 0.0166015625 0.0263671875
