6 0.9794921875 0.29248046875 0.033203125 0.0400390625
6 0.986328125 0.39013671875 0.02734375 0.0537109375
6 0.953125 0.3583984375 0.046875 0.052734375
6 0.93115234375 0.3505859375 0.0419921875 0.056640625
6 0.89013671875 0.32568359375 0.0400390625 0.0537109375
6 0.86669921875 0.3134765625 0.0419921875 0.0546875
6 0.90185546875 0.2568359375 0.0419921875 0.056640625
6 0.98876953125 0.28125 0.0224609375 0.04296875
6 0.4345703125 0.12353515625 0.02734375 0.0537109375
6 0.42822265625 0.06591796875 0.0224609375 0.0439453125
6 0.40869140625 0.06787109375 0.0185546875 0.0400390625
6 0.39208984375 0.07373046875 0.0205078125 0.0419921875
6 0.33984375 0.14453125 0.029296875 0.0625
6 0.3115234375 0.13818359375 0.0234375 0.0458984375
6 0.28955078125 0.14453125 0.0244140625 0.048828125
6 0.35595703125 0.0810546875 0.0224609375 0.04296875
6 0.31689453125 0.08544921875 0.0244140625 0.0419921875
6 0.33251953125 0.39111328125 0.0439453125 0.0849609375
6 0.28173828125 0.37841796875 0.0478515625 0.0810546875
6 0.25390625 0.369140625 0.046875 0.080078125
6 0.22509765625 0.357421875 0.0419921875 0.072265625
6 0.19921875 0.35009765625 0.041015625 0.0732421875
6 0.994140625 0.263671875 0.01171875 0.046875
6 0.4482421875 0.0634765625 0.021484375 0.046875
6 0.482421875 0.1162109375 0.025390625 0.052734375
6 0.037109375 0.29833984375 0.041015625 0.0654296875
6 0.068359375 0.2958984375 0.0546875 0.08984375
6 0.11376953125 0.32421875 0.0400390625 0.0703125
6 0.482421875 0.05419921875 0.021484375 0.0478515625
12 0.05224609375 0.03662109375 0.1025390625 0.0712890625
12 0.38916015625 0.02587890625 0.4287109375 0.0498046875
12 0.45849609375 0.09716796875 0.3466796875 0.1669921875
6 0.080078125 0.453125 0.158203125 0.2421875
12 0.18603515625 0.3046875 0.3701171875 0.291015625
6 0.79052734375 0.7001953125 0.4189453125 0.369140625
12 0.8095703125 0.31884765625 0.380859375 0.4560546875
12 0.97509765625 0.23876953125 0.0498046875 0.1748046875
12 0.74951171875 0.0048828125 0.1240234375 0.0078125
6 0.166015625 0.34912109375 0.037109375 0.0615234375
6 0.177734375 0.03271484375 0.029296875 0.0634765625
6 0.22705078125 0.021484375 0.0263671875 0.041015625
6 0.2490234375 0.01953125 0.025390625 0.037109375
6 0.78515625 0.25830078125 0.044921875 0.0615234375
6 0.83935546875 0.21533203125 0.0400390625 0.0537109375
6 0.76220703125 0.2451171875 0.0439453125 0.05859375
6 0.77490234375 0.18017578125 0.0341796875 0.0458984375
6 0.75634765625 0.17236328125 0.0322265625 0.0439453125
6 0.73974609375 0.16943359375 0.0244140625 0.0302734375
6 0.72265625 0.216796875 0.044921875 0.056640625
6 0.69970703125 0.2080078125 0.0380859375 0.05078125
6 0.65966796875 0.1748046875 0.0283203125 0.041015625
6 0.6435546875 0.1650390625 0.02734375 0.037109375
6 0.6044921875 0.07763671875 0.068359375 0.0322265625
6 0.55517578125 0.10595703125 0.0263671875 0.0595703125
6 0.53173828125 0.10498046875 0.0263671875 0.0576171875
6 0.53369140625 0.0458984375 0.0224609375 0.044921875
6 0.51806640625 0.05029296875 0.0166015625 0.0361328125
6 0.001953125 0.0146484375 0.001953125 0.02734375
6 0.86669921875 0.60986328125 0.0341796875 0.0283203125
6 0.375 0.00146484375 0.0234375 0.0009765625
6 0.357421875 0.0029296875 0.021484375 0.00390625
6 0.3359375 0.005859375 0.021484375 0.009765625
6 0.31787109375 0.00732421875 0.0224609375 0.0126953125
6 0.27587890625 0.01513671875 0.0244140625 0.0283203125
6 0.20068359375 0.02392578125 0.0322265625 0.0458984375
6 0.4091796875 0.13134765625 0.025390625 0.0556640625
6 0.82470703125 0.2822265625 0.0439453125 0.052734375
6 0.12744140625 0.2841796875 0.0263671875 0.021484375
6 0.626953125 0.00732421875 0.0234375 0.0126953125
6 0.6826171875 0.13427734375 0.02734375 0.0283203125
6 0.66455078125 0.13232421875 0.0263671875 0.0322265625
12 0.86328125 0.037109375 0.2734375 0.072265625
6 0.69580078125 0.54443359375 0.0322265625 0.0302734375
6 0.90869140625 0.62255859375 0.0888671875 0.0888671875
6 0.908203125 0.646484375 0.07421875 0.07421875
6 0.89892578125 0.6591796875 0.0439453125 0.046875
6 0.87646484375 0.65625 0.0478515625 0.056640625
6 0.86328125 0.66748046875 0.07421875 0.0654296875
12 0.9775390625 0.10595703125 0.044921875 0.0927734375
6 0.97119140625 0.68896484375 0.0576171875 0.1455078125
6 0.56494140625 0.50537109375 0.2041015625 0.1162109375
6 0.45458984375 0.53466796875 0.2822265625 0.1162109375
