6 0.1279296875 0.87548828125 0.0703125 0.0732421875
6 0.18505859375 0.8828125 0.0361328125 0.0390625
6 0.12841796875 0.9140625 0.0419921875 0.044921875
6 0.2216796875 0.90380859375 0.03125 0.0361328125
6 0.158203125 0.93310546875 0.041015625 0.0478515625
6 0.173828125 0.94482421875 0.033203125 0.0439453125
6 0.1923828125 0.9599609375 0.037109375 0.046875
6 0.208984375 0.970703125 0.03125 0.0390625
6 0.23486328125 0.91650390625 0.0380859375 0.0419921875
6 0.2265625 0.9814453125 0.03515625 0.037109375
6 0.24951171875 0.92236328125 0.0517578125 0.0556640625
6 0.2392578125 0.98681640625 0.04296875 0.0263671875
6 0.26123046875 0.9931640625 0.0419921875 0.013671875
6 0.2978515625 0.96728515625 0.037109375 0.0419921875
6 0.31201171875 0.98095703125 0.0341796875 0.0380859375
6 0.32958984375 0.98486328125 0.0361328125 0.0302734375
6 0.34765625 0.982421875 0.05078125 0.03515625
6 0.3671875 0.99169921875 0.046875 0.0166015625
6 0.384765625 0.9990234375 0.048828125 0.001953125
12 0.328125 0.92041015625 0.453125 0.1591796875
12 0.224609375 0.951171875 0.447265625 0.09765625
12 0.69091796875 0.91357421875 0.2919921875 0.1728515625
4 0.00732421875 0.23876953125 0.0126953125 0.0263671875
4 0.025390625 0.24853515625 0.017578125 0.0244140625
4 0.05517578125 0.25927734375 0.0185546875 0.0244140625
4 0.06640625 0.265625 0.021484375 0.02734375
4 0.10009765625 0.2197265625 0.0205078125 0.025390625
4 0.12939453125 0.3203125 0.0166015625 0.01953125
4 0.3212890625 0.3623046875 0.025390625 0.0234375
4 0.341796875 0.35107421875 0.01953125 0.0205078125
4 0.35009765625 0.34619140625 0.0244140625 0.0224609375
4 0.359375 0.33642578125 0.01953125 0.0224609375
4 0.4443359375 0.390625 0.021484375 0.021484375
6 0.1630859375 0.47705078125 0.0703125 0.0732421875
6 0.2783203125 0.33984375 0.029296875 0.02734375
4 0.82373046875 0.6533203125 0.0205078125 0.01171875
4 0.81005859375 0.640625 0.0185546875 0.01171875
4 0.798828125 0.62890625 0.017578125 0.009765625
4 0.80908203125 0.57763671875 0.0146484375 0.0302734375
4 0.82373046875 0.59130859375 0.0126953125 0.0302734375
4 0.83642578125 0.60302734375 0.0107421875 0.0244140625
4 0.8486328125 0.6142578125 0.01171875 0.02734375
4 0.86474609375 0.63330078125 0.0185546875 0.0283203125
12 0.1083984375 0.53125 0.21484375 0.583984375
4 0.83642578125 0.66552734375 0.0224609375 0.0107421875
4 0.81005859375 0.66552734375 0.0244140625 0.0107421875
4 0.83642578125 0.69091796875 0.0244140625 0.0107421875
4 0.65576171875 0.5888671875 0.0185546875 0.025390625
4 0.6376953125 0.546875 0.0234375 0.025390625
4 0.6630859375 0.52294921875 0.025390625 0.0244140625
4 0.67138671875 0.5166015625 0.0224609375 0.0234375
4 0.6796875 0.50927734375 0.0234375 0.0263671875
4 0.68798828125 0.501953125 0.0224609375 0.021484375
4 0.763671875 0.5087890625 0.01953125 0.013671875
4 0.8671875 0.45751953125 0.0234375 0.0302734375
4 0.76220703125 0.5390625 0.0107421875 0.02734375
4 0.70703125 0.568359375 0.029296875 0.01171875
4 0.6884765625 0.6142578125 0.015625 0.025390625
4 0.89501953125 0.7392578125 0.0224609375 0.021484375
4 0.73193359375 0.59228515625 0.0224609375 0.0087890625
4 0.74609375 0.58203125 0.021484375 0.01171875
4 0.77685546875 0.60302734375 0.0224609375 0.0107421875
4 0.78515625 0.6162109375 0.01953125 0.009765625
4 0.76904296875 0.62744140625 0.0244140625 0.0126953125
4 0.7314453125 0.6533203125 0.015625 0.025390625
4 0.74169921875 0.66357421875 0.0126953125 0.0263671875
4 0.814453125 0.7314453125 0.015625 0.03125
4 0.82666015625 0.73828125 0.0166015625 0.0234375
4 0.8701171875 0.76708984375 0.025390625 0.0244140625
4 0.8779296875 0.7587890625 0.0234375 0.021484375
4 0.88623046875 0.74853515625 0.0205078125 0.0224609375
6 0.08349609375 0.99658203125 0.0400390625 0.0068359375
6 0.06884765625 0.986328125 0.0419921875 0.02734375
6 0.04833984375 0.9853515625 0.0283203125 0.029296875
6 0.0341796875 0.97509765625 0.041015625 0.0478515625
6 0.02099609375 0.95654296875 0.0400390625 0.0537109375
6 0.0029296875 0.994140625 0.00390625 0.01171875
6 0.001953125 0.94091796875 0.001953125 0.0439453125
6 0.7255859375 0.98046875 0.03125 0.03125
6 0.703125 0.9970703125 0.041015625 0.005859375
6 0.6552734375 0.98193359375 0.03125 0.0322265625
6 0.638671875 0.99267578125 0.029296875 0.0146484375
6 0.62646484375 0.99462890625 0.0439453125 0.0107421875
