6 0.17138671875 0.42626953125 0.0322265625 0.0439453125
6 0.15771484375 0.41259765625 0.0341796875 0.0439453125
6 0.13330078125 0.39892578125 0.0322265625 0.0458984375
6 0.12109375 0.46142578125 0.0390625 0.0537109375
6 0.0947265625 0.37353515625 0.041015625 0.0537109375
6 0.08056640625 0.35693359375 0.0380859375 0.0478515625
6 0.037109375 0.412109375 0.0390625 0.05078125
6 0.056640625 0.3525390625 0.029296875 0.037109375
6 0.03857421875 0.3486328125 0.0263671875 0.03515625
6 0.00732421875 0.39013671875 0.0126953125 0.0537109375
6 0.54296875 0.43896484375 0.0703125 0.0732421875
6 0.60009765625 0.4462890625 0.0361328125 0.0390625
6 0.54345703125 0.4775390625 0.0419921875 0.044921875
6 0.63671875 0.46728515625 0.03125 0.0361328125
6 0.5732421875 0.49658203125 0.041015625 0.0478515625
6 0.5888671875 0.50830078125 0.033203125 0.0439453125
6 0.607421875 0.5234375 0.037109375 0.046875
6 0.6240234375 0.5341796875 0.03125 0.0390625
6 0.64990234375 0.47998046875 0.0380859375 0.0419921875
6 0.6416015625 0.546875 0.03515625 0.041015625
6 0.66455078125 0.48583984375 0.0517578125 0.0556640625
6 0.654296875 0.56298828125 0.04296875 0.0517578125
6 0.67626953125 0.57421875 0.0419921875 0.048828125
6 0.00634765625 0.28125 0.0107421875 0.04296875
6 0.037109375 0.29638671875 0.033203125 0.0283203125
6 0.21875 0.443359375 0.03125 0.04296875
6 0.2685546875 0.38525390625 0.033203125 0.0322265625
6 0.2568359375 0.37451171875 0.03125 0.0302734375
6 0.23974609375 0.361328125 0.0361328125 0.03125
6 0.28564453125 0.33203125 0.0458984375 0.044921875
6 0.20068359375 0.30126953125 0.0322265625 0.0322265625
6 0.19384765625 0.28662109375 0.0322265625 0.0244140625
6 0.08984375 0.2734375 0.03125 0.033203125
6 0.1240234375 0.1806640625 0.03515625 0.04296875
6 0.10986328125 0.19384765625 0.0322265625 0.0400390625
6 0.09326171875 0.2080078125 0.0341796875 0.041015625
6 0.0751953125 0.2177734375 0.0390625 0.044921875
6 0.0439453125 0.2431640625 0.037109375 0.044921875
6 0.0146484375 0.263671875 0.02734375 0.046875
6 0.712890625 0.53076171875 0.037109375 0.0419921875
6 0.72705078125 0.5458984375 0.0341796875 0.041015625
6 0.74462890625 0.5546875 0.0361328125 0.04296875
6 0.7626953125 0.55908203125 0.05078125 0.0615234375
6 0.80810546875 0.9716796875 0.0576171875 0.05078125
6 0.8017578125 0.888671875 0.05859375 0.06640625
6 0.8330078125 0.828125 0.033203125 0.03515625
6 0.78173828125 0.876953125 0.0576171875 0.0703125
6 0.74951171875 0.86962890625 0.0654296875 0.0732421875
6 0.7978515625 0.81201171875 0.04296875 0.0498046875
6 0.7783203125 0.79443359375 0.04296875 0.0517578125
6 0.73291015625 0.85546875 0.0498046875 0.05859375
6 0.7158203125 0.83447265625 0.052734375 0.0615234375
6 0.75927734375 0.783203125 0.0439453125 0.052734375
6 0.74365234375 0.7646484375 0.0439453125 0.052734375
6 0.69970703125 0.81982421875 0.0498046875 0.0595703125
6 0.6767578125 0.80615234375 0.060546875 0.0693359375
6 0.72509765625 0.7509765625 0.0458984375 0.0546875
6 0.7021484375 0.734375 0.041015625 0.048828125
6 0.6865234375 0.72021484375 0.041015625 0.0458984375
6 0.6591796875 0.78759765625 0.052734375 0.0615234375
6 0.640625 0.77392578125 0.05078125 0.0576171875
6 0.62158203125 0.75732421875 0.0498046875 0.0595703125
6 0.646484375 0.697265625 0.03515625 0.041015625
6 0.66357421875 0.70703125 0.0400390625 0.048828125
6 0.58349609375 0.7294921875 0.0498046875 0.060546875
6 0.564453125 0.716796875 0.05078125 0.05859375
6 0.5478515625 0.6953125 0.05078125 0.0546875
6 0.5791015625 0.6328125 0.044921875 0.05078125
6 0.55615234375 0.62353515625 0.0419921875 0.0478515625
6 0.54150390625 0.6083984375 0.0439453125 0.052734375
6 0.82568359375 0.953125 0.0791015625 0.06640625
6 0.837890625 0.93212890625 0.052734375 0.0517578125
6 0.857421875 0.91455078125 0.0703125 0.0634765625
6 0.86767578125 0.65087890625 0.0419921875 0.0478515625
6 0.7099609375 0.60302734375 0.03515625 0.0439453125
6 0.72509765625 0.61572265625 0.0361328125 0.0419921875
6 0.7421875 0.63037109375 0.03125 0.0380859375
6 0.7822265625 0.57470703125 0.046875 0.0556640625
6 0.76025390625 0.638671875 0.0380859375 0.048828125
6 0.7998046875 0.58837890625 0.048828125 0.0537109375
6 0.81640625 0.60595703125 0.044921875 0.0517578125
6 0.77880859375 0.65380859375 0.0322265625 0.0380859375
6 0.79345703125 0.66552734375 0.0400390625 0.0478515625
6 0.806640625 0.6796875 0.04296875 0.052734375
6 0.83349609375 0.61669921875 0.0498046875 0.0576171875
6 0.853515625 0.630859375 0.05078125 0.060546875
6 0.8876953125 0.666015625 0.03515625 0.04296875
6 0.873046875 0.8916015625 0.048828125 0.046875
6 0.90234375 0.6767578125 0.037109375 0.041015625
6 0.9150390625 0.6875 0.03515625 0.041015625
6 0.953125 0.70947265625 0.03125 0.0380859375
6 0.88134765625 0.72998046875 0.0341796875 0.0380859375
6 0.89697265625 0.740234375 0.0341796875 0.0390625
6 0.91455078125 0.75537109375 0.0302734375 0.0341796875
6 0.85986328125 0.71630859375 0.0341796875 0.0380859375
6 0.84423828125 0.705078125 0.0380859375 0.044921875
6 0.9462890625 0.79443359375 0.056640625 0.0537109375
6 0.9755859375 0.7509765625 0.048828125 0.046875
6 0.9365234375 0.8115234375 0.03125 0.02734375
6 0.89013671875 0.873046875 0.0654296875 0.05859375
6 0.5087890625 0.6689453125 0.041015625 0.048828125
6 0.0263671875 0.7001953125 0.05078125 0.369140625
12 0.1357421875 0.31884765625 0.26953125 0.4560546875
12 0.07666015625 0.23876953125 0.1513671875 0.1748046875
12 0.7431640625 0.59130859375 0.453125 0.3740234375
12 0.591796875 0.69677734375 0.54296875 0.4619140625
12 0.88818359375 0.83251953125 0.2236328125 0.3037109375
12 0.97998046875 0.55615234375 0.0400390625 0.3310546875
6 0.52392578125 0.6875 0.0478515625 0.05859375
6 0.49072265625 0.65283203125 0.0517578125 0.0615234375
6 0.578125 0.04052734375 0.0703125 0.0732421875
12 0.00927734375 0.037109375 0.0166015625 0.072265625
12 0.318359375 0.19384765625 0.625 0.3857421875
6 0.21533203125 0.8349609375 0.2197265625 0.20703125
6 0.90283203125 0.845703125 0.0654296875 0.05859375
6 0.99169921875 0.71044921875 0.0166015625 0.0498046875
6 0.603515625 0.74169921875 0.05078125 0.0576171875
6 0.4697265625 0.64111328125 0.052734375 0.0634765625
6 0.97509765625 0.65576171875 0.0341796875 0.0322265625
6 0.9873046875 0.62646484375 0.025390625 0.0400390625
6 0.9970703125 0.6171875 0.005859375 0.0390625
6 0.49853515625 0.580078125 0.0400390625 0.046875
6 0.43408203125 0.6162109375 0.0498046875 0.060546875
6 0.48388671875 0.56005859375 0.0419921875 0.0478515625
6 0.46337890625 0.55224609375 0.0283203125 0.0361328125
6 0.44921875 0.53857421875 0.041015625 0.0478515625
6 0.43359375 0.52001953125 0.044921875 0.0537109375
6 0.4169921875 0.5966796875 0.05078125 0.060546875
6 0.3935546875 0.58642578125 0.052734375 0.0693359375
6 0.375 0.56884765625 0.05078125 0.0595703125
6 0.39794921875 0.50439453125 0.0400390625 0.0439453125
6 0.3359375 0.53125 0.060546875 0.072265625
6 0.3994140625 0.8955078125 0.052734375 0.04296875
6 0.38330078125 0.91015625 0.0771484375 0.064453125
6 0.294921875 0.84716796875 0.060546875 0.0576171875
6 0.31005859375 0.830078125 0.0966796875 0.08984375
12 0.0302734375 0.10595703125 0.05859375 0.0927734375
6 0.03173828125 0.00439453125 0.0595703125 0.0068359375
6 0.04736328125 0.68896484375 0.0927734375 0.1455078125
