4 0.2890625 0.68115234375 0.021484375 0.0283203125
4 0.369140625 0.716796875 0.021484375 0.03125
4 0.38720703125 0.724609375 0.0185546875 0.025390625
4 0.41845703125 0.73876953125 0.0205078125 0.0263671875
4 0.4404296875 0.74853515625 0.017578125 0.0244140625
4 0.47021484375 0.75927734375 0.0185546875 0.0244140625
4 0.4814453125 0.765625 0.021484375 0.02734375
4 0.51513671875 0.7197265625 0.0205078125 0.025390625
4 0.54443359375 0.8203125 0.0166015625 0.01953125
4 0.736328125 0.8623046875 0.025390625 0.0234375
4 0.7568359375 0.85107421875 0.01953125 0.0205078125
4 0.76513671875 0.84619140625 0.0244140625 0.0224609375
4 0.7744140625 0.83642578125 0.01953125 0.0224609375
4 0.859375 0.890625 0.021484375 0.021484375
6 0.578125 0.97021484375 0.0703125 0.0595703125
6 0.693359375 0.83984375 0.029296875 0.02734375
12 0.00927734375 0.951171875 0.0166015625 0.09765625
12 0.318359375 0.86962890625 0.625 0.2607421875
12 0.0302734375 0.998046875 0.05859375 0.00390625
6 0.03173828125 0.91650390625 0.0595703125 0.0556640625
