6 0.42822265625 0.990234375 0.0224609375 0.01953125
6 0.40869140625 0.9921875 0.0185546875 0.015625
6 0.39208984375 0.99462890625 0.0205078125 0.0107421875
6 0.35595703125 0.998046875 0.0224609375 0.00390625
6 0.4482421875 0.98828125 0.021484375 0.0234375
6 0.482421875 0.9833984375 0.021484375 0.033203125
12 0.11181640625 0.6259765625 0.2216796875 0.185546875
12 0.06298828125 0.7744140625 0.1240234375 0.18359375
12 0.05224609375 0.92529296875 0.1025390625 0.1494140625
12 0.392578125 0.7236328125 0.267578125 0.09765625
12 0.38916015625 0.89013671875 0.4287109375 0.1943359375
12 0.45849609375 0.97509765625 0.3466796875 0.0498046875
12 0.74951171875 0.861328125 0.1240234375 0.16796875
6 0.177734375 0.96435546875 0.029296875 0.0712890625
6 0.22705078125 0.95263671875 0.0263671875 0.0517578125
6 0.2490234375 0.9482421875 0.025390625 0.052734375
6 0.16845703125 0.890625 0.0263671875 0.0546875
6 0.19287109375 0.8955078125 0.0244140625 0.052734375
6 0.21875 0.89013671875 0.02734375 0.0556640625
6 0.2412109375 0.88525390625 0.025390625 0.0595703125
6 0.2666015625 0.8818359375 0.025390625 0.056640625
6 0.2861328125 0.87646484375 0.021484375 0.0517578125
6 0.6044921875 0.9990234375 0.068359375 0.001953125
6 0.53369140625 0.97998046875 0.0224609375 0.0400390625
6 0.51806640625 0.984375 0.0166015625 0.03125
6 0.001953125 0.9384765625 0.001953125 0.052734375
4 0.01611328125 0.36181640625 0.0185546875 0.0224609375
4 0.146484375 0.41455078125 0.01953125 0.0302734375
4 0.00732421875 0.35498046875 0.0126953125 0.0263671875
4 0.16015625 0.4189453125 0.015625 0.0234375
4 0.17138671875 0.42041015625 0.0185546875 0.0283203125
5 0.1923828125 0.42919921875 0.01953125 0.0302734375
4 0.39501953125 0.26806640625 0.0244140625 0.0166015625
4 0.42529296875 0.50390625 0.0146484375 0.0234375
4 0.34375 0.486328125 0.015625 0.021484375
4 0.35400390625 0.490234375 0.0205078125 0.02734375
4 0.54248046875 0.52001953125 0.0166015625 0.0224609375
4 0.68701171875 0.55078125 0.0166015625 0.0234375
4 0.6982421875 0.5546875 0.015625 0.025390625
4 0.71142578125 0.55859375 0.0166015625 0.0234375
4 0.7333984375 0.56640625 0.01953125 0.029296875
4 0.12548828125 0.40576171875 0.0205078125 0.0283203125
6 0.33984375 0.86669921875 0.03125 0.0595703125
6 0.369140625 0.857421875 0.02734375 0.060546875
6 0.39306640625 0.8544921875 0.0263671875 0.056640625
6 0.4140625 0.90966796875 0.021484375 0.0419921875
6 0.375 0.916015625 0.0234375 0.044921875
6 0.357421875 0.9208984375 0.021484375 0.041015625
6 0.3359375 0.92431640625 0.021484375 0.0458984375
6 0.31787109375 0.92822265625 0.0224609375 0.0439453125
6 0.27587890625 0.939453125 0.0244140625 0.052734375
6 0.453125 0.90234375 0.021484375 0.041015625
6 0.47314453125 0.89794921875 0.0224609375 0.0419921875
6 0.4912109375 0.89501953125 0.01953125 0.0380859375
6 0.51318359375 0.892578125 0.0224609375 0.04296875
6 0.55078125 0.88623046875 0.0234375 0.0458984375
6 0.47314453125 0.83740234375 0.0263671875 0.0517578125
6 0.5224609375 0.8271484375 0.029296875 0.060546875
6 0.603515625 0.81494140625 0.013671875 0.0341796875
6 0.20068359375 0.955078125 0.0322265625 0.056640625
6 0.626953125 0.9326171875 0.0234375 0.03515625
6 0.30078125 0.767578125 0.029296875 0.013671875
12 0.86328125 0.951171875 0.2734375 0.09765625
6 0.31494140625 0.87158203125 0.0283203125 0.0595703125
12 0.9775390625 0.998046875 0.044921875 0.00390625
6 0.1005859375 0.78564453125 0.03125 0.0478515625
6 0.12109375 0.7919921875 0.02734375 0.046875
6 0.103515625 0.84326171875 0.02734375 0.0458984375
6 0.08349609375 0.83544921875 0.0283203125 0.0458984375
6 0.0615234375 0.83056640625 0.029296875 0.0478515625
6 0.0419921875 0.82373046875 0.029296875 0.0458984375
6 0.02197265625 0.81640625 0.0263671875 0.044921875
6 0.40380859375 0.716796875 0.0224609375 0.041015625
6 0.328125 0.72998046875 0.0234375 0.0439453125
6 0.31201171875 0.73291015625 0.0224609375 0.0439453125
6 0.29150390625 0.73388671875 0.0244140625 0.0458984375
6 0.259765625 0.75439453125 0.01953125 0.0361328125
6 0.505859375 0.7265625 0.02734375 0.015625
6 0.20361328125 0.69873046875 0.0302734375 0.0498046875
6 0.1650390625 0.68994140625 0.0234375 0.0380859375
6 0.150390625 0.68212890625 0.02734375 0.0419921875
6 0.13330078125 0.67431640625 0.0302734375 0.0458984375
6 0.150390625 0.62939453125 0.03125 0.0458984375
6 0.11865234375 0.60888671875 0.0302734375 0.0458984375
6 0.09716796875 0.66455078125 0.0283203125 0.0439453125
6 0.080078125 0.603515625 0.029296875 0.046875
6 0.06103515625 0.599609375 0.0283203125 0.044921875
6 0.04345703125 0.58984375 0.0283203125 0.044921875
6 0.00341796875 0.57275390625 0.0048828125 0.0419921875
6 0.04296875 0.64599609375 0.029296875 0.0458984375
6 0.01220703125 0.6298828125 0.0224609375 0.044921875
6 0.00390625 0.62939453125 0.005859375 0.0478515625
6 0.060546875 0.77197265625 0.03125 0.0498046875
6 0.00927734375 0.81298828125 0.0166015625 0.0498046875
6 0.0087890625 0.75048828125 0.015625 0.0478515625
6 0.02294921875 0.75732421875 0.0283203125 0.0458984375
