6 0.92822265625 0.990234375 0.0224609375 0.01953125
6 0.90869140625 0.9921875 0.0185546875 0.015625
6 0.89208984375 0.99462890625 0.0205078125 0.0107421875
6 0.85595703125 0.998046875 0.0224609375 0.00390625
6 0.9482421875 0.98828125 0.021484375 0.0234375
6 0.982421875 0.9833984375 0.021484375 0.033203125
12 0.26025390625 0.51611328125 0.3349609375 0.1904296875
12 0.20556640625 0.67041015625 0.3544921875 0.2236328125
12 0.1748046875 0.8271484375 0.2890625 0.15625
12 0.56884765625 0.6259765625 0.3076171875 0.185546875
12 0.4912109375 0.7744140625 0.267578125 0.18359375
12 0.4599609375 0.92529296875 0.287109375 0.1494140625
12 0.87939453125 0.7236328125 0.2412109375 0.09765625
12 0.83740234375 0.89013671875 0.3251953125 0.1943359375
12 0.892578125 0.97509765625 0.21484375 0.0498046875
12 0.1162109375 0.95703125 0.23046875 0.0859375
6 0.36669921875 0.9404296875 0.0576171875 0.03515625
6 0.373046875 0.896484375 0.033203125 0.052734375
6 0.33154296875 0.875 0.0400390625 0.064453125
6 0.677734375 0.96435546875 0.029296875 0.0712890625
6 0.72705078125 0.95263671875 0.0263671875 0.0517578125
6 0.7490234375 0.9482421875 0.025390625 0.052734375
6 0.66845703125 0.890625 0.0263671875 0.0546875
6 0.69287109375 0.8955078125 0.0244140625 0.052734375
6 0.71875 0.89013671875 0.02734375 0.0556640625
6 0.7412109375 0.88525390625 0.025390625 0.0595703125
6 0.7666015625 0.8818359375 0.025390625 0.056640625
6 0.7861328125 0.87646484375 0.021484375 0.0517578125
6 0.4169921875 0.91259765625 0.033203125 0.0537109375
6 0.462890625 0.927734375 0.033203125 0.056640625
6 0.48828125 0.9384765625 0.029296875 0.052734375
6 0.0068359375 0.4541015625 0.01171875 0.0390625
6 0.02294921875 0.46142578125 0.0244140625 0.0380859375
6 0.44677734375 0.97314453125 0.0673828125 0.0439453125
4 0.51611328125 0.36181640625 0.0185546875 0.0224609375
4 0.646484375 0.41455078125 0.01953125 0.0302734375
4 0.48291015625 0.34423828125 0.0205078125 0.0224609375
4 0.50439453125 0.35498046875 0.0185546875 0.0263671875
4 0.66015625 0.4189453125 0.015625 0.0234375
4 0.67138671875 0.42041015625 0.0185546875 0.0283203125
5 0.6923828125 0.42919921875 0.01953125 0.0302734375
4 0.89501953125 0.26806640625 0.0244140625 0.0166015625
4 0.92529296875 0.50390625 0.0146484375 0.0234375
4 0.84375 0.486328125 0.015625 0.021484375
4 0.85400390625 0.490234375 0.0205078125 0.02734375
4 0.62548828125 0.40576171875 0.0205078125 0.0283203125
4 0.17724609375 0.0908203125 0.0205078125 0.02734375
6 0.4287109375 0.60595703125 0.029296875 0.0458984375
4 0.18408203125 0.154296875 0.0185546875 0.025390625
6 0.83984375 0.86669921875 0.03125 0.0595703125
6 0.869140625 0.857421875 0.02734375 0.060546875
6 0.89306640625 0.8544921875 0.0263671875 0.056640625
6 0.9140625 0.90966796875 0.021484375 0.0419921875
6 0.875 0.916015625 0.0234375 0.044921875
6 0.857421875 0.9208984375 0.021484375 0.041015625
6 0.8359375 0.92431640625 0.021484375 0.0458984375
6 0.81787109375 0.92822265625 0.0224609375 0.0439453125
6 0.77587890625 0.939453125 0.0244140625 0.052734375
6 0.953125 0.90234375 0.021484375 0.041015625
6 0.97314453125 0.89794921875 0.0224609375 0.0419921875
6 0.99072265625 0.89501953125 0.0185546875 0.0380859375
6 0.97314453125 0.83740234375 0.0263671875 0.0517578125
6 0.0537109375 0.78173828125 0.037109375 0.0517578125
6 0.70068359375 0.955078125 0.0322265625 0.056640625
4 0.15380859375 0.16552734375 0.0283203125 0.0185546875
6 0.80078125 0.767578125 0.029296875 0.013671875
6 0.38916015625 0.76904296875 0.0263671875 0.0419921875
6 0.3662109375 0.765625 0.0234375 0.041015625
6 0.3525390625 0.90185546875 0.009765625 0.0205078125
6 0.4482421875 0.9208984375 0.017578125 0.01953125
6 0.81494140625 0.87158203125 0.0283203125 0.0595703125
6 0.45703125 0.61279296875 0.02734375 0.0458984375
6 0.1240234375 0.44140625 0.03125 0.046875
6 0.15869140625 0.45703125 0.0244140625 0.041015625
6 0.17724609375 0.46142578125 0.0244140625 0.0400390625
6 0.19580078125 0.462890625 0.0263671875 0.041015625
6 0.2138671875 0.4736328125 0.021484375 0.03515625
6 0.2314453125 0.4755859375 0.025390625 0.041015625
6 0.248046875 0.4853515625 0.0234375 0.0390625
6 0.26513671875 0.4892578125 0.0244140625 0.041015625
6 0.283203125 0.49462890625 0.025390625 0.0419921875
6 0.30029296875 0.50146484375 0.0244140625 0.0400390625
6 0.3173828125 0.50927734375 0.025390625 0.0439453125
6 0.22998046875 0.53076171875 0.0283203125 0.0419921875
6 0.21337890625 0.521484375 0.0244140625 0.0390625
6 0.19775390625 0.51708984375 0.0224609375 0.0380859375
6 0.1787109375 0.51025390625 0.021484375 0.0361328125
6 0.1279296875 0.49462890625 0.0234375 0.0380859375
6 0.08935546875 0.4814453125 0.0322265625 0.046875
6 0.265625 0.54052734375 0.029296875 0.0400390625
6 0.2822265625 0.548828125 0.021484375 0.037109375
6 0.31884765625 0.55908203125 0.0244140625 0.0380859375
6 0.33349609375 0.52099609375 0.0224609375 0.0322265625
6 0.35205078125 0.52294921875 0.0263671875 0.0400390625
6 0.3681640625 0.52783203125 0.0234375 0.0380859375
6 0.384765625 0.53564453125 0.025390625 0.0419921875
6 0.47607421875 0.619140625 0.0263671875 0.041015625
6 0.40185546875 0.54150390625 0.0263671875 0.0380859375
6 0.27587890625 0.6640625 0.0361328125 0.056640625
6 0.2978515625 0.7373046875 0.033203125 0.056640625
6 0.251953125 0.724609375 0.0390625 0.0625
6 0.6005859375 0.78564453125 0.03125 0.0478515625
6 0.62109375 0.7919921875 0.02734375 0.046875
6 0.603515625 0.84326171875 0.02734375 0.0458984375
6 0.58349609375 0.83544921875 0.0283203125 0.0458984375
6 0.5615234375 0.83056640625 0.029296875 0.0478515625
6 0.5419921875 0.82373046875 0.029296875 0.0458984375
6 0.52197265625 0.81640625 0.0263671875 0.044921875
6 0.90380859375 0.716796875 0.0224609375 0.041015625
6 0.828125 0.72998046875 0.0234375 0.0439453125
6 0.81201171875 0.73291015625 0.0224609375 0.0439453125
6 0.79150390625 0.73388671875 0.0244140625 0.0458984375
6 0.759765625 0.75439453125 0.01953125 0.0361328125
6 0.99609375 0.7265625 0.0078125 0.015625
6 0.70361328125 0.69873046875 0.0302734375 0.0498046875
6 0.6650390625 0.68994140625 0.0234375 0.0380859375
6 0.650390625 0.68212890625 0.02734375 0.0419921875
6 0.63330078125 0.67431640625 0.0302734375 0.0458984375
6 0.650390625 0.62939453125 0.03125 0.0458984375
6 0.61865234375 0.60888671875 0.0302734375 0.0458984375
6 0.59716796875 0.66455078125 0.0283203125 0.0439453125
6 0.580078125 0.603515625 0.029296875 0.046875
6 0.56103515625 0.599609375 0.0283203125 0.044921875
6 0.54345703125 0.58984375 0.0283203125 0.044921875
6 0.49267578125 0.57275390625 0.0263671875 0.0419921875
6 0.54296875 0.64599609375 0.029296875 0.0458984375
6 0.50927734375 0.6298828125 0.0283203125 0.044921875
6 0.49169921875 0.62939453125 0.0302734375 0.0478515625
6 0.560546875 0.77197265625 0.03125 0.0498046875
6 0.50244140625 0.81298828125 0.0302734375 0.0498046875
6 0.40576171875 0.7744140625 0.0283203125 0.048828125
6 0.23974609375 0.89404296875 0.0634765625 0.0400390625
6 0.23095703125 0.71240234375 0.0283203125 0.0478515625
6 0.25244140625 0.65673828125 0.0302734375 0.0537109375
6 0.20654296875 0.640625 0.0322265625 0.0546875
6 0.1650390625 0.6904296875 0.033203125 0.05078125
6 0.162109375 0.6240234375 0.033203125 0.05078125
6 0.09619140625 0.66552734375 0.0322265625 0.0576171875
6 0.05126953125 0.64990234375 0.0322265625 0.0537109375
6 0.11767578125 0.6083984375 0.0322265625 0.05859375
6 0.02978515625 0.64013671875 0.0361328125 0.0556640625
6 0.12255859375 0.80908203125 0.0322265625 0.0537109375
6 0.0732421875 0.83642578125 0.072265625 0.0439453125
6 0.1728515625 0.87255859375 0.064453125 0.0380859375
6 0.27783203125 0.861328125 0.0302734375 0.052734375
6 0.42529296875 0.77978515625 0.0283203125 0.0439453125
6 0.259765625 0.85498046875 0.029296875 0.0498046875
6 0.23583984375 0.8447265625 0.0322265625 0.0546875
6 0.21337890625 0.83837890625 0.0322265625 0.0498046875
6 0.1865234375 0.82861328125 0.02734375 0.0517578125
6 0.1669921875 0.82275390625 0.033203125 0.0517578125
6 0.42431640625 0.72265625 0.0283203125 0.046875
6 0.4462890625 0.72412109375 0.029296875 0.0478515625
6 0.46435546875 0.73486328125 0.0263671875 0.0458984375
6 0.4833984375 0.74169921875 0.029296875 0.0517578125
6 0.50244140625 0.75048828125 0.0283203125 0.0478515625
6 0.52294921875 0.75732421875 0.0283203125 0.0458984375
6 0.44384765625 0.7880859375 0.0322265625 0.05078125
12 0.02685546875 0.390625 0.0517578125 0.1875
