6 0.4794921875 0.72900390625 0.033203125 0.0400390625
6 0.67138671875 0.86279296875 0.0322265625 0.0439453125
6 0.65771484375 0.84912109375 0.0341796875 0.0439453125
6 0.63330078125 0.83544921875 0.0322265625 0.0458984375
6 0.62109375 0.89794921875 0.0390625 0.0537109375
6 0.5947265625 0.81005859375 0.041015625 0.0537109375
6 0.58056640625 0.79345703125 0.0380859375 0.0478515625
6 0.537109375 0.8486328125 0.0390625 0.05078125
6 0.556640625 0.7890625 0.029296875 0.037109375
6 0.53857421875 0.78515625 0.0263671875 0.03515625
6 0.4931640625 0.82666015625 0.041015625 0.0537109375
6 0.453125 0.794921875 0.046875 0.052734375
6 0.43115234375 0.787109375 0.0419921875 0.056640625
6 0.39013671875 0.76220703125 0.0400390625 0.0537109375
6 0.36669921875 0.75 0.0419921875 0.0546875
6 0.40185546875 0.693359375 0.0419921875 0.056640625
6 0.49462890625 0.7177734375 0.0341796875 0.04296875
6 0.537109375 0.73291015625 0.033203125 0.0283203125
6 0.71875 0.8798828125 0.03125 0.04296875
6 0.7685546875 0.82177734375 0.033203125 0.0322265625
6 0.7568359375 0.81103515625 0.03125 0.0302734375
6 0.73974609375 0.7978515625 0.0361328125 0.03125
6 0.78564453125 0.7685546875 0.0458984375 0.044921875
6 0.70068359375 0.73779296875 0.0322265625 0.0322265625
6 0.69384765625 0.72314453125 0.0322265625 0.0244140625
6 0.58984375 0.7099609375 0.03125 0.033203125
6 0.6240234375 0.6171875 0.03515625 0.04296875
6 0.60986328125 0.63037109375 0.0322265625 0.0400390625
6 0.59326171875 0.64453125 0.0341796875 0.041015625
6 0.5751953125 0.654296875 0.0390625 0.044921875
6 0.5439453125 0.6796875 0.037109375 0.044921875
6 0.50830078125 0.7001953125 0.0400390625 0.046875
12 0.013671875 0.2236328125 0.025390625 0.09765625
12 0.05224609375 0.39013671875 0.1025390625 0.1943359375
12 0.06640625 0.53369140625 0.130859375 0.1669921875
6 0.31640625 0.97607421875 0.470703125 0.0478515625
12 0.44482421875 0.75537109375 0.6513671875 0.4560546875
12 0.55126953125 0.67529296875 0.2021484375 0.1748046875
12 0.24951171875 0.361328125 0.1240234375 0.16796875
12 0.91015625 0.951171875 0.1796875 0.09765625
6 0.28515625 0.69482421875 0.044921875 0.0615234375
6 0.33935546875 0.65185546875 0.0400390625 0.0537109375
6 0.26220703125 0.681640625 0.0439453125 0.05859375
6 0.27490234375 0.61669921875 0.0341796875 0.0458984375
6 0.25634765625 0.60888671875 0.0322265625 0.0439453125
6 0.23974609375 0.60595703125 0.0244140625 0.0302734375
6 0.22265625 0.6533203125 0.044921875 0.056640625
6 0.19970703125 0.64453125 0.0380859375 0.05078125
6 0.15966796875 0.611328125 0.0283203125 0.041015625
6 0.1435546875 0.6015625 0.02734375 0.037109375
6 0.1044921875 0.51416015625 0.068359375 0.0322265625
6 0.05517578125 0.54248046875 0.0263671875 0.0595703125
6 0.03173828125 0.54150390625 0.0263671875 0.0576171875
6 0.03369140625 0.482421875 0.0224609375 0.044921875
6 0.01806640625 0.48681640625 0.0166015625 0.0361328125
4 0.04248046875 0.02001953125 0.0166015625 0.0224609375
4 0.18701171875 0.05078125 0.0166015625 0.0234375
4 0.1982421875 0.0546875 0.015625 0.025390625
4 0.21142578125 0.05859375 0.0166015625 0.0234375
4 0.2333984375 0.06640625 0.01953125 0.029296875
4 0.7890625 0.18115234375 0.021484375 0.0283203125
4 0.869140625 0.216796875 0.021484375 0.03125
4 0.88720703125 0.224609375 0.0185546875 0.025390625
4 0.91845703125 0.23876953125 0.0205078125 0.0263671875
4 0.9404296875 0.24853515625 0.017578125 0.0244140625
4 0.97021484375 0.25927734375 0.0185546875 0.0244140625
4 0.9814453125 0.265625 0.021484375 0.02734375
6 0.01318359375 0.392578125 0.0224609375 0.04296875
6 0.05078125 0.38623046875 0.0234375 0.0458984375
6 0.0224609375 0.3271484375 0.029296875 0.060546875
6 0.103515625 0.31494140625 0.013671875 0.0341796875
6 0.32470703125 0.71875 0.0439453125 0.052734375
6 0.126953125 0.4326171875 0.0234375 0.03515625
6 0.1826171875 0.57080078125 0.02734375 0.0283203125
6 0.16455078125 0.56884765625 0.0263671875 0.0322265625
12 0.3720703125 0.4560546875 0.291015625 0.107421875
12 0.7529296875 0.53125 0.494140625 0.583984375
6 0.19580078125 0.98095703125 0.0322265625 0.0302734375
6 0.9892578125 0.99658203125 0.021484375 0.0068359375
6 0.9814453125 0.986328125 0.037109375 0.02734375
6 0.96337890625 0.9853515625 0.0283203125 0.029296875
6 0.94921875 0.97509765625 0.041015625 0.0478515625
6 0.93359375 0.95654296875 0.044921875 0.0537109375
6 0.8935546875 0.994140625 0.052734375 0.01171875
6 0.875 0.98779296875 0.05078125 0.0244140625
6 0.89794921875 0.94091796875 0.0400390625 0.0439453125
6 0.8359375 0.9658203125 0.060546875 0.068359375
12 0.50732421875 0.54248046875 0.1044921875 0.0927734375
6 0.53173828125 0.41650390625 0.0595703125 0.0556640625
6 0.083984375 0.94189453125 0.166015625 0.1162109375
6 0.04833984375 0.95654296875 0.0947265625 0.0869140625
6 0.01025390625 0.2265625 0.0185546875 0.015625
