6 0.4794921875 0.29248046875 0.033203125 0.0400390625
6 0.67138671875 0.42626953125 0.0322265625 0.0439453125
6 0.65771484375 0.41259765625 0.0341796875 0.0439453125
6 0.63330078125 0.39892578125 0.0322265625 0.0458984375
6 0.62109375 0.46142578125 0.0390625 0.0537109375
6 0.5947265625 0.37353515625 0.041015625 0.0537109375
6 0.58056640625 0.35693359375 0.0380859375 0.0478515625
6 0.537109375 0.412109375 0.0390625 0.05078125
6 0.556640625 0.3525390625 0.029296875 0.037109375
6 0.53857421875 0.3486328125 0.0263671875 0.03515625
6 0.4931640625 0.39013671875 0.041015625 0.0537109375
6 0.453125 0.3583984375 0.046875 0.052734375
6 0.43115234375 0.3505859375 0.0419921875 0.056640625
6 0.39013671875 0.32568359375 0.0400390625 0.0537109375
6 0.36669921875 0.3134765625 0.0419921875 0.0546875
6 0.40185546875 0.2568359375 0.0419921875 0.056640625
6 0.49462890625 0.28125 0.0341796875 0.04296875
6 0.537109375 0.29638671875 0.033203125 0.0283203125
6 0.71875 0.443359375 0.03125 0.04296875
6 0.7685546875 0.38525390625 0.033203125 0.0322265625
6 0.7568359375 0.37451171875 0.03125 0.0302734375
6 0.73974609375 0.361328125 0.0361328125 0.03125
6 0.78564453125 0.33203125 0.0458984375 0.044921875
6 0.70068359375 0.30126953125 0.0322265625 0.0322265625
6 0.69384765625 0.28662109375 0.0322265625 0.0244140625
6 0.58984375 0.2734375 0.03125 0.033203125
6 0.6240234375 0.1806640625 0.03515625 0.04296875
6 0.60986328125 0.19384765625 0.0322265625 0.0400390625
6 0.59326171875 0.2080078125 0.0341796875 0.041015625
6 0.5751953125 0.2177734375 0.0390625 0.044921875
6 0.5439453125 0.2431640625 0.037109375 0.044921875
6 0.50830078125 0.263671875 0.0400390625 0.046875
6 0.994140625 0.6689453125 0.01171875 0.048828125
12 0.05224609375 0.02587890625 0.1025390625 0.0498046875
12 0.06640625 0.09716796875 0.130859375 0.1669921875
6 0.31640625 0.7001953125 0.470703125 0.369140625
12 0.44482421875 0.31884765625 0.6513671875 0.4560546875
12 0.55126953125 0.23876953125 0.2021484375 0.1748046875
12 0.24951171875 0.0048828125 0.1240234375 0.0078125
12 0.91015625 0.69677734375 0.1796875 0.4619140625
6 0.28515625 0.25830078125 0.044921875 0.0615234375
6 0.33935546875 0.21533203125 0.0400390625 0.0537109375
6 0.26220703125 0.2451171875 0.0439453125 0.05859375
6 0.27490234375 0.18017578125 0.0341796875 0.0458984375
6 0.25634765625 0.17236328125 0.0322265625 0.0439453125
6 0.23974609375 0.16943359375 0.0244140625 0.0302734375
6 0.22265625 0.216796875 0.044921875 0.056640625
6 0.19970703125 0.2080078125 0.0380859375 0.05078125
6 0.15966796875 0.1748046875 0.0283203125 0.041015625
6 0.1435546875 0.1650390625 0.02734375 0.037109375
6 0.1044921875 0.07763671875 0.068359375 0.0322265625
6 0.05517578125 0.10595703125 0.0263671875 0.0595703125
6 0.03173828125 0.10498046875 0.0263671875 0.0576171875
6 0.03369140625 0.0458984375 0.0224609375 0.044921875
6 0.01806640625 0.05029296875 0.0166015625 0.0361328125
6 0.982421875 0.65283203125 0.03515625 0.0615234375
6 0.36669921875 0.60986328125 0.0341796875 0.0283203125
6 0.32470703125 0.2822265625 0.0439453125 0.052734375
6 0.126953125 0.00732421875 0.0234375 0.0126953125
6 0.1826171875 0.13427734375 0.02734375 0.0283203125
6 0.16455078125 0.13232421875 0.0263671875 0.0322265625
12 0.3720703125 0.037109375 0.291015625 0.072265625
12 0.7529296875 0.19384765625 0.494140625 0.3857421875
6 0.71533203125 0.8349609375 0.2197265625 0.20703125
6 0.19580078125 0.54443359375 0.0322265625 0.0302734375
6 0.40869140625 0.62255859375 0.0888671875 0.0888671875
6 0.408203125 0.646484375 0.07421875 0.07421875
6 0.39892578125 0.6591796875 0.0439453125 0.046875
6 0.37646484375 0.65625 0.0478515625 0.056640625
6 0.36328125 0.66748046875 0.07421875 0.0654296875
6 0.9697265625 0.64111328125 0.052734375 0.0634765625
6 0.9892578125 0.580078125 0.021484375 0.046875
6 0.93408203125 0.6162109375 0.0498046875 0.060546875
6 0.9814453125 0.56005859375 0.037109375 0.0478515625
6 0.96337890625 0.55224609375 0.0283203125 0.0361328125
6 0.94921875 0.53857421875 0.041015625 0.0478515625
6 0.93359375 0.52001953125 0.044921875 0.0537109375
6 0.9169921875 0.5966796875 0.05078125 0.060546875
6 0.8935546875 0.58642578125 0.052734375 0.0693359375
6 0.875 0.56884765625 0.05078125 0.0595703125
6 0.89794921875 0.50439453125 0.0400390625 0.0439453125
6 0.8359375 0.53125 0.060546875 0.072265625
6 0.8994140625 0.8955078125 0.052734375 0.04296875
6 0.88330078125 0.91015625 0.0771484375 0.064453125
6 0.794921875 0.84716796875 0.060546875 0.0576171875
6 0.81005859375 0.830078125 0.0966796875 0.08984375
12 0.50732421875 0.10595703125 0.1044921875 0.0927734375
6 0.53173828125 0.00439453125 0.0595703125 0.0068359375
6 0.51806640625 0.68896484375 0.1513671875 0.1455078125
6 0.083984375 0.50537109375 0.166015625 0.1162109375
6 0.04833984375 0.53466796875 0.0947265625 0.1162109375
