6 0.35693359375 0.16552734375 0.0302734375 0.0478515625
6 0.46337890625 0.20751953125 0.0263671875 0.0419921875
6 0.36669921875 0.22998046875 0.0263671875 0.0478515625
6 0.19482421875 0.4462890625 0.0283203125 0.046875
6 0.22607421875 0.44921875 0.0458984375 0.08203125
6 0.248046875 0.47216796875 0.02734375 0.0478515625
6 0.279296875 0.4736328125 0.04296875 0.072265625
6 0.30322265625 0.48779296875 0.0400390625 0.0654296875
6 0.333984375 0.490234375 0.04296875 0.072265625
6 0.3544921875 0.51220703125 0.03515625 0.0615234375
6 0.38330078125 0.51953125 0.0380859375 0.06640625
6 0.41259765625 0.52294921875 0.0400390625 0.0693359375
6 0.44384765625 0.52783203125 0.0419921875 0.0673828125
6 0.46923828125 0.5419921875 0.0458984375 0.080078125
6 0.49365234375 0.5556640625 0.0400390625 0.064453125
6 0.54931640625 0.56689453125 0.0439453125 0.0732421875
6 0.572265625 0.57763671875 0.041015625 0.0771484375
6 0.60595703125 0.58203125 0.0458984375 0.078125
6 0.65966796875 0.5927734375 0.0458984375 0.076171875
6 0.78955078125 0.6484375 0.0400390625 0.068359375
6 0.818359375 0.66552734375 0.0390625 0.0576171875
6 0.845703125 0.66748046875 0.041015625 0.0712890625
6 0.87548828125 0.6748046875 0.0400390625 0.07421875
6 0.90087890625 0.68017578125 0.0419921875 0.0732421875
6 0.95458984375 0.6962890625 0.0361328125 0.0625
6 0.4091796875 0.18505859375 0.025390625 0.0419921875
6 0.32080078125 0.14990234375 0.0341796875 0.0478515625
6 0.27978515625 0.19873046875 0.0322265625 0.0576171875
12 0.34521484375 0.06005859375 0.3017578125 0.1181640625
12 0.298828125 0.1787109375 0.3359375 0.203125
12 0.76025390625 0.05615234375 0.3349609375 0.1103515625
12 0.70556640625 0.17041015625 0.3544921875 0.2236328125
12 0.6748046875 0.3271484375 0.2890625 0.15625
12 0.95751953125 0.1259765625 0.0849609375 0.185546875
12 0.9287109375 0.2744140625 0.142578125 0.18359375
12 0.908203125 0.4296875 0.18359375 0.158203125
6 0.857421875 0.88427734375 0.28515625 0.2314453125
12 0.4453125 0.54150390625 0.572265625 0.2548828125
12 0.85888671875 0.7412109375 0.2822265625 0.291015625
6 0.09326171875 0.44189453125 0.1376953125 0.0771484375
6 0.166015625 0.16796875 0.041015625 0.068359375
6 0.19189453125 0.169921875 0.0302734375 0.05078125
6 0.86669921875 0.4404296875 0.0576171875 0.03515625
6 0.873046875 0.396484375 0.033203125 0.052734375
6 0.83154296875 0.375 0.0400390625 0.064453125
6 0.9169921875 0.41259765625 0.033203125 0.0537109375
6 0.962890625 0.427734375 0.033203125 0.056640625
6 0.98681640625 0.4384765625 0.0263671875 0.052734375
6 0.94677734375 0.47314453125 0.0673828125 0.0439453125
6 0.4755859375 0.0478515625 0.0234375 0.0390625
6 0.443359375 0.0361328125 0.029296875 0.048828125
6 0.48193359375 0.103515625 0.0322265625 0.052734375
6 0.4619140625 0.0966796875 0.02734375 0.046875
6 0.42529296875 0.08544921875 0.0263671875 0.0439453125
6 0.384765625 0.021484375 0.0234375 0.041015625
6 0.3681640625 0.01708984375 0.02734375 0.0322265625
6 0.33349609375 0.00927734375 0.0302734375 0.0166015625
6 0.29736328125 0.00439453125 0.0283203125 0.0068359375
6 0.24365234375 0.02099609375 0.0244140625 0.0400390625
6 0.22412109375 0.021484375 0.0302734375 0.041015625
6 0.181640625 0.00634765625 0.041015625 0.0107421875
6 0.9287109375 0.10595703125 0.029296875 0.0458984375
6 0.310546875 0.04736328125 0.021484375 0.0341796875
6 0.4248046875 0.2509765625 0.03125 0.0546875
6 0.5537109375 0.28173828125 0.037109375 0.0517578125
6 0.04443359375 0.0166015625 0.0869140625 0.03125
6 0.88916015625 0.26904296875 0.0263671875 0.0419921875
6 0.8662109375 0.265625 0.0234375 0.041015625
6 0.8525390625 0.40185546875 0.009765625 0.0205078125
6 0.9482421875 0.4208984375 0.017578125 0.01953125
6 0.33837890625 0.16650390625 0.0146484375 0.0166015625
6 0.51513671875 0.56591796875 0.0166015625 0.0263671875
6 0.95703125 0.11279296875 0.02734375 0.0458984375
6 0.748046875 0.0029296875 0.0234375 0.00390625
6 0.76513671875 0.00537109375 0.0244140625 0.0087890625
6 0.783203125 0.00830078125 0.025390625 0.0146484375
6 0.80029296875 0.01123046875 0.0244140625 0.0205078125
6 0.8173828125 0.01611328125 0.025390625 0.0302734375
6 0.72998046875 0.03076171875 0.0283203125 0.0419921875
6 0.71337890625 0.021484375 0.0244140625 0.0390625
6 0.69775390625 0.0185546875 0.0224609375 0.03515625
6 0.6787109375 0.0146484375 0.021484375 0.02734375
6 0.6279296875 0.00732421875 0.0234375 0.0126953125
6 0.58935546875 0.0029296875 0.0322265625 0.00390625
6 0.765625 0.04052734375 0.029296875 0.0400390625
6 0.7822265625 0.048828125 0.021484375 0.037109375
6 0.81884765625 0.05908203125 0.0244140625 0.0380859375
6 0.83349609375 0.02099609375 0.0224609375 0.0322265625
6 0.85205078125 0.02294921875 0.0263671875 0.0400390625
6 0.8681640625 0.02783203125 0.0234375 0.0380859375
6 0.884765625 0.03564453125 0.025390625 0.0419921875
6 0.97607421875 0.119140625 0.0263671875 0.041015625
6 0.90185546875 0.04150390625 0.0263671875 0.0380859375
6 0.77587890625 0.1640625 0.0361328125 0.056640625
6 0.7978515625 0.2373046875 0.033203125 0.056640625
6 0.751953125 0.224609375 0.0390625 0.0625
6 0.98974609375 0.07275390625 0.0205078125 0.0419921875
6 0.99755859375 0.1298828125 0.0048828125 0.044921875
6 0.98828125 0.12939453125 0.0234375 0.0478515625
6 0.99365234375 0.31298828125 0.0126953125 0.0498046875
6 0.90576171875 0.2744140625 0.0283203125 0.048828125
6 0.73974609375 0.39404296875 0.0634765625 0.0400390625
6 0.73095703125 0.21240234375 0.0283203125 0.0478515625
6 0.75244140625 0.15673828125 0.0302734375 0.0537109375
6 0.70654296875 0.140625 0.0322265625 0.0546875
6 0.6650390625 0.1904296875 0.033203125 0.05078125
6 0.662109375 0.1240234375 0.033203125 0.05078125
6 0.59619140625 0.16552734375 0.0322265625 0.0576171875
6 0.55126953125 0.14990234375 0.0322265625 0.0537109375
6 0.61767578125 0.1083984375 0.0322265625 0.05859375
6 0.52978515625 0.14013671875 0.0361328125 0.0556640625
6 0.62255859375 0.30908203125 0.0322265625 0.0537109375
6 0.5732421875 0.33642578125 0.072265625 0.0439453125
6 0.6728515625 0.37255859375 0.064453125 0.0380859375
6 0.77783203125 0.361328125 0.0302734375 0.052734375
6 0.92529296875 0.27978515625 0.0283203125 0.0439453125
6 0.759765625 0.35498046875 0.029296875 0.0498046875
6 0.73583984375 0.3447265625 0.0322265625 0.0546875
6 0.71337890625 0.33837890625 0.0322265625 0.0498046875
6 0.6865234375 0.32861328125 0.02734375 0.0517578125
6 0.6669921875 0.32275390625 0.033203125 0.0517578125
6 0.92431640625 0.22265625 0.0283203125 0.046875
6 0.9462890625 0.22412109375 0.029296875 0.0478515625
6 0.96435546875 0.23486328125 0.0263671875 0.0458984375
6 0.9833984375 0.24169921875 0.029296875 0.0517578125
6 0.994140625 0.25048828125 0.01171875 0.0478515625
6 0.94384765625 0.2880859375 0.0322265625 0.05078125
