6 0.9794921875 0.72900390625 0.033203125 0.0400390625
6 0.986328125 0.82666015625 0.02734375 0.0537109375
6 0.953125 0.794921875 0.046875 0.052734375
6 0.93115234375 0.787109375 0.0419921875 0.056640625
6 0.89013671875 0.76220703125 0.0400390625 0.0537109375
6 0.86669921875 0.75 0.0419921875 0.0546875
6 0.90185546875 0.693359375 0.0419921875 0.056640625
6 0.98876953125 0.7177734375 0.0224609375 0.04296875
6 0.4345703125 0.56005859375 0.02734375 0.0537109375
6 0.42822265625 0.50244140625 0.0224609375 0.0439453125
6 0.40869140625 0.50439453125 0.0185546875 0.0400390625
6 0.39208984375 0.51025390625 0.0205078125 0.0419921875
6 0.33984375 0.5810546875 0.029296875 0.0625
6 0.3115234375 0.57470703125 0.0234375 0.0458984375
6 0.28955078125 0.5810546875 0.0244140625 0.048828125
6 0.35595703125 0.517578125 0.0224609375 0.04296875
6 0.31689453125 0.52197265625 0.0244140625 0.0419921875
6 0.33251953125 0.82763671875 0.0439453125 0.0849609375
6 0.28173828125 0.81494140625 0.0478515625 0.0810546875
6 0.25390625 0.8056640625 0.046875 0.080078125
6 0.22509765625 0.7939453125 0.0419921875 0.072265625
6 0.19921875 0.78662109375 0.041015625 0.0732421875
6 0.994140625 0.7001953125 0.01171875 0.046875
6 0.4482421875 0.5 0.021484375 0.046875
6 0.482421875 0.552734375 0.025390625 0.052734375
6 0.037109375 0.73486328125 0.041015625 0.0654296875
6 0.068359375 0.732421875 0.0546875 0.08984375
6 0.11376953125 0.7607421875 0.0400390625 0.0703125
6 0.482421875 0.49072265625 0.021484375 0.0478515625
12 0.11181640625 0.1259765625 0.2216796875 0.185546875
12 0.06298828125 0.2744140625 0.1240234375 0.18359375
12 0.05224609375 0.4296875 0.1025390625 0.158203125
12 0.392578125 0.2236328125 0.267578125 0.09765625
12 0.38916015625 0.39013671875 0.4287109375 0.1943359375
12 0.45849609375 0.53369140625 0.3466796875 0.1669921875
6 0.080078125 0.88427734375 0.158203125 0.2314453125
12 0.18603515625 0.7412109375 0.3701171875 0.291015625
6 0.79052734375 0.97607421875 0.4189453125 0.0478515625
12 0.8095703125 0.75537109375 0.380859375 0.4560546875
12 0.97509765625 0.67529296875 0.0498046875 0.1748046875
12 0.74951171875 0.361328125 0.1240234375 0.16796875
6 0.166015625 0.78564453125 0.037109375 0.0615234375
6 0.177734375 0.46484375 0.029296875 0.072265625
6 0.22705078125 0.45263671875 0.0263671875 0.0517578125
6 0.2490234375 0.4482421875 0.025390625 0.052734375
6 0.16845703125 0.390625 0.0263671875 0.0546875
6 0.19287109375 0.3955078125 0.0244140625 0.052734375
6 0.21875 0.39013671875 0.02734375 0.0556640625
6 0.2412109375 0.38525390625 0.025390625 0.0595703125
6 0.2666015625 0.3818359375 0.025390625 0.056640625
6 0.2861328125 0.37646484375 0.021484375 0.0517578125
6 0.78515625 0.69482421875 0.044921875 0.0615234375
6 0.83935546875 0.65185546875 0.0400390625 0.0537109375
6 0.76220703125 0.681640625 0.0439453125 0.05859375
6 0.77490234375 0.61669921875 0.0341796875 0.0458984375
6 0.75634765625 0.60888671875 0.0322265625 0.0439453125
6 0.73974609375 0.60595703125 0.0244140625 0.0302734375
6 0.72265625 0.6533203125 0.044921875 0.056640625
6 0.69970703125 0.64453125 0.0380859375 0.05078125
6 0.65966796875 0.611328125 0.0283203125 0.041015625
6 0.6435546875 0.6015625 0.02734375 0.037109375
6 0.6044921875 0.51416015625 0.068359375 0.0322265625
6 0.55517578125 0.54248046875 0.0263671875 0.0595703125
6 0.53173828125 0.54150390625 0.0263671875 0.0576171875
6 0.53369140625 0.482421875 0.0224609375 0.044921875
6 0.51806640625 0.48681640625 0.0166015625 0.0361328125
6 0.001953125 0.4384765625 0.001953125 0.052734375
4 0.42529296875 0.00830078125 0.0146484375 0.0146484375
4 0.35400390625 0.00244140625 0.0205078125 0.0029296875
4 0.54248046875 0.02001953125 0.0166015625 0.0224609375
4 0.68701171875 0.05078125 0.0166015625 0.0234375
4 0.6982421875 0.0546875 0.015625 0.025390625
4 0.71142578125 0.05859375 0.0166015625 0.0234375
4 0.7333984375 0.06640625 0.01953125 0.029296875
6 0.33984375 0.36669921875 0.03125 0.0595703125
6 0.369140625 0.357421875 0.02734375 0.060546875
6 0.39306640625 0.3544921875 0.0263671875 0.056640625
6 0.4140625 0.40966796875 0.021484375 0.0419921875
6 0.375 0.416015625 0.0234375 0.044921875
6 0.357421875 0.4208984375 0.021484375 0.041015625
6 0.3359375 0.42431640625 0.021484375 0.0458984375
6 0.31787109375 0.42822265625 0.0224609375 0.0439453125
6 0.27587890625 0.439453125 0.0244140625 0.052734375
6 0.453125 0.40234375 0.021484375 0.041015625
6 0.47314453125 0.39794921875 0.0224609375 0.0419921875
6 0.4912109375 0.39501953125 0.01953125 0.0380859375
6 0.51318359375 0.392578125 0.0224609375 0.04296875
6 0.55078125 0.38623046875 0.0234375 0.0458984375
6 0.47314453125 0.33740234375 0.0263671875 0.0517578125
6 0.5224609375 0.3271484375 0.029296875 0.060546875
6 0.603515625 0.31494140625 0.013671875 0.0341796875
6 0.20068359375 0.455078125 0.0322265625 0.056640625
6 0.4091796875 0.56787109375 0.025390625 0.0556640625
6 0.82470703125 0.71875 0.0439453125 0.052734375
6 0.12744140625 0.720703125 0.0263671875 0.021484375
6 0.626953125 0.4326171875 0.0234375 0.03515625
6 0.30078125 0.267578125 0.029296875 0.013671875
6 0.6826171875 0.57080078125 0.02734375 0.0283203125
6 0.66455078125 0.56884765625 0.0263671875 0.0322265625
12 0.86328125 0.4560546875 0.2734375 0.107421875
6 0.69580078125 0.98095703125 0.0322265625 0.0302734375
6 0.31494140625 0.37158203125 0.0283203125 0.0595703125
12 0.9775390625 0.54248046875 0.044921875 0.0927734375
6 0.56494140625 0.94189453125 0.2041015625 0.1162109375
6 0.45458984375 0.95654296875 0.2822265625 0.0869140625
6 0.1005859375 0.28564453125 0.03125 0.0478515625
6 0.12109375 0.2919921875 0.02734375 0.046875
6 0.103515625 0.34326171875 0.02734375 0.0458984375
6 0.08349609375 0.33544921875 0.0283203125 0.0458984375
6 0.0615234375 0.33056640625 0.029296875 0.0478515625
6 0.0419921875 0.32373046875 0.029296875 0.0458984375
6 0.02197265625 0.31640625 0.0263671875 0.044921875
6 0.40380859375 0.216796875 0.0224609375 0.041015625
6 0.328125 0.22998046875 0.0234375 0.0439453125
6 0.31201171875 0.23291015625 0.0224609375 0.0439453125
6 0.29150390625 0.23388671875 0.0244140625 0.0458984375
6 0.259765625 0.25439453125 0.01953125 0.0361328125
6 0.505859375 0.2265625 0.02734375 0.015625
6 0.20361328125 0.19873046875 0.0302734375 0.0498046875
6 0.1650390625 0.18994140625 0.0234375 0.0380859375
6 0.150390625 0.18212890625 0.02734375 0.0419921875
6 0.13330078125 0.17431640625 0.0302734375 0.0458984375
6 0.150390625 0.12939453125 0.03125 0.0458984375
6 0.11865234375 0.10888671875 0.0302734375 0.0458984375
6 0.09716796875 0.16455078125 0.0283203125 0.0439453125
6 0.080078125 0.103515625 0.029296875 0.046875
6 0.06103515625 0.099609375 0.0283203125 0.044921875
6 0.04345703125 0.08984375 0.0283203125 0.044921875
6 0.00341796875 0.07275390625 0.0048828125 0.0419921875
6 0.04296875 0.14599609375 0.029296875 0.0458984375
6 0.01220703125 0.1298828125 0.0224609375 0.044921875
6 0.00390625 0.12939453125 0.005859375 0.0478515625
6 0.060546875 0.27197265625 0.03125 0.0498046875
6 0.00927734375 0.31298828125 0.0166015625 0.0498046875
6 0.0087890625 0.25048828125 0.015625 0.0478515625
6 0.02294921875 0.25732421875 0.0283203125 0.0458984375
