6 0.9345703125 0.12353515625 0.02734375 0.0537109375
6 0.92822265625 0.06591796875 0.0224609375 0.0439453125
6 0.90869140625 0.06787109375 0.0185546875 0.0400390625
6 0.89208984375 0.07373046875 0.0205078125 0.0419921875
6 0.83984375 0.14453125 0.029296875 0.0625
6 0.8115234375 0.13818359375 0.0234375 0.0458984375
6 0.78955078125 0.14453125 0.0244140625 0.048828125
6 0.85595703125 0.0810546875 0.0224609375 0.04296875
6 0.81689453125 0.08544921875 0.0244140625 0.0419921875
6 0.83251953125 0.39111328125 0.0439453125 0.0849609375
6 0.78173828125 0.37841796875 0.0478515625 0.0810546875
6 0.75390625 0.369140625 0.046875 0.080078125
6 0.72509765625 0.357421875 0.0419921875 0.072265625
6 0.69921875 0.35009765625 0.041015625 0.0732421875
6 0.9482421875 0.0634765625 0.021484375 0.046875
6 0.982421875 0.1162109375 0.025390625 0.052734375
6 0.00732421875 0.119140625 0.0126953125 0.064453125
6 0.04931640625 0.13037109375 0.0439453125 0.0732421875
6 0.072265625 0.14111328125 0.041015625 0.0771484375
6 0.10595703125 0.1455078125 0.0458984375 0.078125
6 0.15966796875 0.15625 0.0458984375 0.076171875
6 0.28955078125 0.2119140625 0.0400390625 0.068359375
6 0.318359375 0.22900390625 0.0390625 0.0576171875
6 0.345703125 0.23095703125 0.041015625 0.0712890625
6 0.37548828125 0.23828125 0.0400390625 0.07421875
6 0.40087890625 0.24365234375 0.0419921875 0.0732421875
6 0.45458984375 0.259765625 0.0361328125 0.0625
6 0.537109375 0.29833984375 0.041015625 0.0654296875
6 0.568359375 0.2958984375 0.0546875 0.08984375
6 0.61376953125 0.32421875 0.0400390625 0.0703125
6 0.982421875 0.05419921875 0.021484375 0.0478515625
12 0.4599609375 0.03662109375 0.287109375 0.0712890625
12 0.83740234375 0.02587890625 0.3251953125 0.0498046875
12 0.892578125 0.09716796875 0.21484375 0.1669921875
6 0.43701171875 0.453125 0.4443359375 0.2421875
12 0.1162109375 0.11669921875 0.23046875 0.2314453125
12 0.54443359375 0.3046875 0.6533203125 0.291015625
6 0.666015625 0.34912109375 0.037109375 0.0615234375
6 0.36669921875 0.01123046875 0.0576171875 0.0205078125
6 0.677734375 0.03271484375 0.029296875 0.0634765625
6 0.72705078125 0.021484375 0.0263671875 0.041015625
6 0.7490234375 0.01953125 0.025390625 0.037109375
6 0.4169921875 0.001953125 0.033203125 0.001953125
6 0.462890625 0.01025390625 0.033203125 0.0185546875
6 0.48828125 0.0146484375 0.029296875 0.02734375
6 0.44677734375 0.03662109375 0.0673828125 0.0439453125
6 0.875 0.00146484375 0.0234375 0.0009765625
6 0.857421875 0.0029296875 0.021484375 0.00390625
6 0.8359375 0.005859375 0.021484375 0.009765625
6 0.81787109375 0.00732421875 0.0224609375 0.0126953125
6 0.77587890625 0.01513671875 0.0244140625 0.0283203125
6 0.70068359375 0.02392578125 0.0322265625 0.0458984375
6 0.9091796875 0.13134765625 0.025390625 0.0556640625
6 0.62744140625 0.2841796875 0.0263671875 0.021484375
6 0.01513671875 0.12939453125 0.0166015625 0.0263671875
6 0.9814453125 0.50537109375 0.037109375 0.1162109375
6 0.90673828125 0.53466796875 0.1865234375 0.1162109375
