6 0.9345703125 0.56005859375 0.02734375 0.0537109375
6 0.92822265625 0.50244140625 0.0224609375 0.0439453125
6 0.90869140625 0.50439453125 0.0185546875 0.0400390625
6 0.89208984375 0.51025390625 0.0205078125 0.0419921875
6 0.83984375 0.5810546875 0.029296875 0.0625
6 0.8115234375 0.57470703125 0.0234375 0.0458984375
6 0.78955078125 0.5810546875 0.0244140625 0.048828125
6 0.85595703125 0.517578125 0.0224609375 0.04296875
6 0.81689453125 0.52197265625 0.0244140625 0.0419921875
6 0.83251953125 0.82763671875 0.0439453125 0.0849609375
6 0.78173828125 0.81494140625 0.0478515625 0.0810546875
6 0.75390625 0.8056640625 0.046875 0.080078125
6 0.72509765625 0.7939453125 0.0419921875 0.072265625
6 0.69921875 0.78662109375 0.041015625 0.0732421875
6 0.9482421875 0.5 0.021484375 0.046875
6 0.982421875 0.552734375 0.025390625 0.052734375
6 0.00732421875 0.5556640625 0.0126953125 0.064453125
6 0.04931640625 0.56689453125 0.0439453125 0.0732421875
6 0.072265625 0.57763671875 0.041015625 0.0771484375
6 0.10595703125 0.58203125 0.0458984375 0.078125
6 0.15966796875 0.5927734375 0.0458984375 0.076171875
6 0.28955078125 0.6484375 0.0400390625 0.068359375
6 0.318359375 0.66552734375 0.0390625 0.0576171875
6 0.345703125 0.66748046875 0.041015625 0.0712890625
6 0.37548828125 0.6748046875 0.0400390625 0.07421875
6 0.40087890625 0.68017578125 0.0419921875 0.0732421875
6 0.45458984375 0.6962890625 0.0361328125 0.0625
6 0.537109375 0.73486328125 0.041015625 0.0654296875
6 0.568359375 0.732421875 0.0546875 0.08984375
6 0.61376953125 0.7607421875 0.0400390625 0.0703125
6 0.982421875 0.49072265625 0.021484375 0.0478515625
12 0.26025390625 0.05615234375 0.3349609375 0.1103515625
12 0.20556640625 0.17041015625 0.3544921875 0.2236328125
12 0.1748046875 0.3271484375 0.2890625 0.15625
12 0.56884765625 0.1259765625 0.3076171875 0.185546875
12 0.4912109375 0.2744140625 0.267578125 0.18359375
12 0.4599609375 0.4296875 0.287109375 0.158203125
12 0.87939453125 0.2236328125 0.2412109375 0.09765625
12 0.83740234375 0.39013671875 0.3251953125 0.1943359375
12 0.892578125 0.53369140625 0.21484375 0.1669921875
6 0.43701171875 0.88427734375 0.4443359375 0.2314453125
12 0.1162109375 0.54150390625 0.23046875 0.2548828125
12 0.54443359375 0.7412109375 0.6533203125 0.291015625
6 0.666015625 0.78564453125 0.037109375 0.0615234375
6 0.36669921875 0.4404296875 0.0576171875 0.03515625
6 0.373046875 0.396484375 0.033203125 0.052734375
6 0.33154296875 0.375 0.0400390625 0.064453125
6 0.677734375 0.46484375 0.029296875 0.072265625
6 0.72705078125 0.45263671875 0.0263671875 0.0517578125
6 0.7490234375 0.4482421875 0.025390625 0.052734375
6 0.66845703125 0.390625 0.0263671875 0.0546875
6 0.69287109375 0.3955078125 0.0244140625 0.052734375
6 0.71875 0.39013671875 0.02734375 0.0556640625
6 0.7412109375 0.38525390625 0.025390625 0.0595703125
6 0.7666015625 0.3818359375 0.025390625 0.056640625
6 0.7861328125 0.37646484375 0.021484375 0.0517578125
6 0.4169921875 0.41259765625 0.033203125 0.0537109375
6 0.462890625 0.427734375 0.033203125 0.056640625
6 0.48828125 0.4384765625 0.029296875 0.052734375
6 0.44677734375 0.47314453125 0.0673828125 0.0439453125
4 0.92529296875 0.00830078125 0.0146484375 0.0146484375
4 0.85400390625 0.00244140625 0.0205078125 0.0029296875
6 0.4287109375 0.10595703125 0.029296875 0.0458984375
6 0.83984375 0.36669921875 0.03125 0.0595703125
6 0.869140625 0.357421875 0.02734375 0.060546875
6 0.89306640625 0.3544921875 0.0263671875 0.056640625
6 0.9140625 0.40966796875 0.021484375 0.0419921875
6 0.875 0.416015625 0.0234375 0.044921875
6 0.857421875 0.4208984375 0.021484375 0.041015625
6 0.8359375 0.42431640625 0.021484375 0.0458984375
6 0.81787109375 0.42822265625 0.0224609375 0.0439453125
6 0.77587890625 0.439453125 0.0244140625 0.052734375
6 0.953125 0.40234375 0.021484375 0.041015625
6 0.97314453125 0.39794921875 0.0224609375 0.0419921875
6 0.99072265625 0.39501953125 0.0185546875 0.0380859375
6 0.97314453125 0.33740234375 0.0263671875 0.0517578125
6 0.0537109375 0.28173828125 0.037109375 0.0517578125
6 0.70068359375 0.455078125 0.0322265625 0.056640625
6 0.9091796875 0.56787109375 0.025390625 0.0556640625
6 0.62744140625 0.720703125 0.0263671875 0.021484375
6 0.80078125 0.267578125 0.029296875 0.013671875
6 0.38916015625 0.26904296875 0.0263671875 0.0419921875
6 0.3662109375 0.265625 0.0234375 0.041015625
6 0.3525390625 0.40185546875 0.009765625 0.0205078125
6 0.4482421875 0.4208984375 0.017578125 0.01953125
6 0.01513671875 0.56591796875 0.0166015625 0.0263671875
6 0.81494140625 0.37158203125 0.0283203125 0.0595703125
6 0.45703125 0.11279296875 0.02734375 0.0458984375
6 0.248046875 0.0029296875 0.0234375 0.00390625
6 0.26513671875 0.00537109375 0.0244140625 0.0087890625
6 0.283203125 0.00830078125 0.025390625 0.0146484375
6 0.30029296875 0.01123046875 0.0244140625 0.0205078125
6 0.3173828125 0.01611328125 0.025390625 0.0302734375
6 0.22998046875 0.03076171875 0.0283203125 0.0419921875
6 0.21337890625 0.021484375 0.0244140625 0.0390625
6 0.19775390625 0.0185546875 0.0224609375 0.03515625
6 0.1787109375 0.0146484375 0.021484375 0.02734375
6 0.1279296875 0.00732421875 0.0234375 0.0126953125
6 0.08935546875 0.0029296875 0.0322265625 0.00390625
6 0.265625 0.04052734375 0.029296875 0.0400390625
6 0.2822265625 0.048828125 0.021484375 0.037109375
6 0.31884765625 0.05908203125 0.0244140625 0.0380859375
6 0.33349609375 0.02099609375 0.0224609375 0.0322265625
6 0.35205078125 0.02294921875 0.0263671875 0.0400390625
6 0.3681640625 0.02783203125 0.0234375 0.0380859375
6 0.384765625 0.03564453125 0.025390625 0.0419921875
6 0.47607421875 0.119140625 0.0263671875 0.041015625
6 0.9814453125 0.94189453125 0.037109375 0.1162109375
6 0.90673828125 0.95654296875 0.1865234375 0.0869140625
6 0.40185546875 0.04150390625 0.0263671875 0.0380859375
6 0.27587890625 0.1640625 0.0361328125 0.056640625
6 0.2978515625 0.2373046875 0.033203125 0.056640625
6 0.251953125 0.224609375 0.0390625 0.0625
6 0.6005859375 0.28564453125 0.03125 0.0478515625
6 0.62109375 0.2919921875 0.02734375 0.046875
6 0.603515625 0.34326171875 0.02734375 0.0458984375
6 0.58349609375 0.33544921875 0.0283203125 0.0458984375
6 0.5615234375 0.33056640625 0.029296875 0.0478515625
6 0.5419921875 0.32373046875 0.029296875 0.0458984375
6 0.52197265625 0.31640625 0.0263671875 0.044921875
6 0.90380859375 0.216796875 0.0224609375 0.041015625
6 0.828125 0.22998046875 0.0234375 0.0439453125
6 0.81201171875 0.23291015625 0.0224609375 0.0439453125
6 0.79150390625 0.23388671875 0.0244140625 0.0458984375
6 0.759765625 0.25439453125 0.01953125 0.0361328125
6 0.99609375 0.2265625 0.0078125 0.015625
6 0.70361328125 0.19873046875 0.0302734375 0.0498046875
6 0.6650390625 0.18994140625 0.0234375 0.0380859375
6 0.650390625 0.18212890625 0.02734375 0.0419921875
6 0.63330078125 0.17431640625 0.0302734375 0.0458984375
6 0.650390625 0.12939453125 0.03125 0.0458984375
6 0.61865234375 0.10888671875 0.0302734375 0.0458984375
6 0.59716796875 0.16455078125 0.0283203125 0.0439453125
6 0.580078125 0.103515625 0.029296875 0.046875
6 0.56103515625 0.099609375 0.0283203125 0.044921875
6 0.54345703125 0.08984375 0.0283203125 0.044921875
6 0.49267578125 0.07275390625 0.0263671875 0.0419921875
6 0.54296875 0.14599609375 0.029296875 0.0458984375
6 0.50927734375 0.1298828125 0.0283203125 0.044921875
6 0.49169921875 0.12939453125 0.0302734375 0.0478515625
6 0.560546875 0.27197265625 0.03125 0.0498046875
6 0.50244140625 0.31298828125 0.0302734375 0.0498046875
6 0.40576171875 0.2744140625 0.0283203125 0.048828125
6 0.23974609375 0.39404296875 0.0634765625 0.0400390625
6 0.23095703125 0.21240234375 0.0283203125 0.0478515625
6 0.25244140625 0.15673828125 0.0302734375 0.0537109375
6 0.20654296875 0.140625 0.0322265625 0.0546875
6 0.1650390625 0.1904296875 0.033203125 0.05078125
6 0.162109375 0.1240234375 0.033203125 0.05078125
6 0.09619140625 0.16552734375 0.0322265625 0.0576171875
6 0.05126953125 0.14990234375 0.0322265625 0.0537109375
6 0.11767578125 0.1083984375 0.0322265625 0.05859375
6 0.02978515625 0.14013671875 0.0361328125 0.0556640625
6 0.12255859375 0.30908203125 0.0322265625 0.0537109375
6 0.0732421875 0.33642578125 0.072265625 0.0439453125
6 0.1728515625 0.37255859375 0.064453125 0.0380859375
6 0.27783203125 0.361328125 0.0302734375 0.052734375
6 0.42529296875 0.27978515625 0.0283203125 0.0439453125
6 0.259765625 0.35498046875 0.029296875 0.0498046875
6 0.23583984375 0.3447265625 0.0322265625 0.0546875
6 0.21337890625 0.33837890625 0.0322265625 0.0498046875
6 0.1865234375 0.32861328125 0.02734375 0.0517578125
6 0.1669921875 0.32275390625 0.033203125 0.0517578125
6 0.42431640625 0.22265625 0.0283203125 0.046875
6 0.4462890625 0.22412109375 0.029296875 0.0478515625
6 0.46435546875 0.23486328125 0.0263671875 0.0458984375
6 0.4833984375 0.24169921875 0.029296875 0.0517578125
6 0.50244140625 0.25048828125 0.0283203125 0.0478515625
6 0.52294921875 0.25732421875 0.0283203125 0.0458984375
6 0.44384765625 0.2880859375 0.0322265625 0.05078125
