6 0.35693359375 0.66552734375 0.0302734375 0.0478515625
6 0.46337890625 0.70751953125 0.0263671875 0.0419921875
6 0.36669921875 0.72998046875 0.0263671875 0.0478515625
6 0.19482421875 0.9462890625 0.0283203125 0.046875
6 0.22607421875 0.94921875 0.0458984375 0.08203125
6 0.248046875 0.97216796875 0.02734375 0.0478515625
6 0.279296875 0.96875 0.04296875 0.0625
6 0.30322265625 0.9775390625 0.0400390625 0.044921875
6 0.333984375 0.97705078125 0.04296875 0.0458984375
6 0.3544921875 0.99072265625 0.03515625 0.0185546875
6 0.38330078125 0.9931640625 0.0380859375 0.013671875
6 0.41259765625 0.994140625 0.0400390625 0.01171875
6 0.44384765625 0.9970703125 0.0419921875 0.005859375
6 0.4091796875 0.68505859375 0.025390625 0.0419921875
6 0.32080078125 0.64990234375 0.0341796875 0.0478515625
6 0.27978515625 0.69873046875 0.0322265625 0.0576171875
12 0.34521484375 0.52978515625 0.3017578125 0.1787109375
12 0.298828125 0.6787109375 0.3359375 0.203125
12 0.76025390625 0.51611328125 0.3349609375 0.1904296875
12 0.70556640625 0.67041015625 0.3544921875 0.2236328125
12 0.6748046875 0.8271484375 0.2890625 0.15625
12 0.95751953125 0.6259765625 0.0849609375 0.185546875
12 0.9287109375 0.7744140625 0.142578125 0.18359375
12 0.908203125 0.92529296875 0.18359375 0.1494140625
12 0.4453125 0.95703125 0.572265625 0.0859375
6 0.11328125 0.30029296875 0.0625 0.2294921875
6 0.09326171875 0.94189453125 0.1376953125 0.0771484375
6 0.166015625 0.66796875 0.041015625 0.068359375
6 0.19189453125 0.669921875 0.0302734375 0.05078125
6 0.33837890625 0.34375 0.0263671875 0.04296875
6 0.35791015625 0.34912109375 0.0283203125 0.0478515625
6 0.26318359375 0.31591796875 0.0263671875 0.0439453125
6 0.86669921875 0.9404296875 0.0576171875 0.03515625
6 0.873046875 0.896484375 0.033203125 0.052734375
6 0.83154296875 0.875 0.0400390625 0.064453125
6 0.9169921875 0.91259765625 0.033203125 0.0537109375
6 0.962890625 0.927734375 0.033203125 0.056640625
6 0.98681640625 0.9384765625 0.0263671875 0.052734375
6 0.501953125 0.4541015625 0.021484375 0.0390625
6 0.22998046875 0.32958984375 0.0458984375 0.0751953125
6 0.3212890625 0.39013671875 0.021484375 0.0361328125
6 0.3583984375 0.404296875 0.021484375 0.0390625
6 0.39404296875 0.4169921875 0.0224609375 0.037109375
6 0.37841796875 0.3544921875 0.0283203125 0.04296875
6 0.3955078125 0.36083984375 0.01953125 0.0322265625
6 0.46630859375 0.388671875 0.0283203125 0.046875
6 0.486328125 0.39306640625 0.0234375 0.0400390625
6 0.4326171875 0.42724609375 0.021484375 0.0302734375
6 0.45166015625 0.43798828125 0.0224609375 0.0400390625
6 0.46630859375 0.4443359375 0.0224609375 0.037109375
6 0.486328125 0.4482421875 0.0234375 0.03515625
6 0.52294921875 0.46142578125 0.0244140625 0.0380859375
6 0.94677734375 0.97314453125 0.0673828125 0.0439453125
6 0.4755859375 0.5478515625 0.0234375 0.0390625
6 0.443359375 0.5361328125 0.029296875 0.048828125
6 0.48193359375 0.603515625 0.0322265625 0.052734375
6 0.4619140625 0.5966796875 0.02734375 0.046875
6 0.42529296875 0.58544921875 0.0263671875 0.0439453125
6 0.384765625 0.5205078125 0.0234375 0.04296875
6 0.3681640625 0.5107421875 0.02734375 0.044921875
6 0.33349609375 0.49609375 0.0302734375 0.04296875
6 0.29736328125 0.48486328125 0.0283203125 0.0458984375
6 0.24365234375 0.51953125 0.0244140625 0.04296875
6 0.22412109375 0.5185546875 0.0302734375 0.046875
6 0.181640625 0.4794921875 0.041015625 0.064453125
4 0.98291015625 0.34423828125 0.0205078125 0.0224609375
4 0.99755859375 0.35498046875 0.0048828125 0.0263671875
4 0.67724609375 0.0908203125 0.0205078125 0.02734375
6 0.9287109375 0.60595703125 0.029296875 0.0458984375
4 0.68408203125 0.154296875 0.0185546875 0.025390625
6 0.310546875 0.54736328125 0.021484375 0.0341796875
6 0.2060546875 0.404296875 0.0390625 0.06640625
6 0.4248046875 0.7509765625 0.03125 0.0546875
6 0.5537109375 0.78173828125 0.037109375 0.0517578125
6 0.04443359375 0.44482421875 0.0869140625 0.1748046875
4 0.65380859375 0.16552734375 0.0283203125 0.0185546875
6 0.88916015625 0.76904296875 0.0263671875 0.0419921875
6 0.8662109375 0.765625 0.0234375 0.041015625
6 0.8525390625 0.90185546875 0.009765625 0.0205078125
6 0.9482421875 0.9208984375 0.017578125 0.01953125
6 0.33837890625 0.66650390625 0.0146484375 0.0166015625
6 0.95703125 0.61279296875 0.02734375 0.0458984375
6 0.6240234375 0.44140625 0.03125 0.046875
6 0.65869140625 0.45703125 0.0244140625 0.041015625
6 0.67724609375 0.46142578125 0.0244140625 0.0400390625
6 0.69580078125 0.462890625 0.0263671875 0.041015625
6 0.7138671875 0.4736328125 0.021484375 0.03515625
6 0.7314453125 0.4755859375 0.025390625 0.041015625
6 0.748046875 0.4853515625 0.0234375 0.0390625
6 0.76513671875 0.4892578125 0.0244140625 0.041015625
6 0.783203125 0.49462890625 0.025390625 0.0419921875
6 0.80029296875 0.50146484375 0.0244140625 0.0400390625
6 0.8173828125 0.50927734375 0.025390625 0.0439453125
6 0.72998046875 0.53076171875 0.0283203125 0.0419921875
6 0.71337890625 0.521484375 0.0244140625 0.0390625
6 0.69775390625 0.51708984375 0.0224609375 0.0380859375
6 0.6787109375 0.51025390625 0.021484375 0.0361328125
6 0.6279296875 0.49462890625 0.0234375 0.0380859375
6 0.58935546875 0.4814453125 0.0322265625 0.046875
6 0.765625 0.54052734375 0.029296875 0.0400390625
6 0.7822265625 0.548828125 0.021484375 0.037109375
6 0.81884765625 0.55908203125 0.0244140625 0.0380859375
6 0.83349609375 0.52099609375 0.0224609375 0.0322265625
6 0.85205078125 0.52294921875 0.0263671875 0.0400390625
6 0.8681640625 0.52783203125 0.0234375 0.0380859375
6 0.884765625 0.53564453125 0.025390625 0.0419921875
6 0.97607421875 0.619140625 0.0263671875 0.041015625
6 0.90185546875 0.54150390625 0.0263671875 0.0380859375
6 0.77587890625 0.6640625 0.0361328125 0.056640625
6 0.7978515625 0.7373046875 0.033203125 0.056640625
6 0.751953125 0.724609375 0.0390625 0.0625
6 0.98974609375 0.57275390625 0.0205078125 0.0419921875
6 0.99755859375 0.6298828125 0.0048828125 0.044921875
6 0.98828125 0.62939453125 0.0234375 0.0478515625
6 0.99365234375 0.81298828125 0.0126953125 0.0498046875
6 0.90576171875 0.7744140625 0.0283203125 0.048828125
6 0.73974609375 0.89404296875 0.0634765625 0.0400390625
6 0.73095703125 0.71240234375 0.0283203125 0.0478515625
6 0.75244140625 0.65673828125 0.0302734375 0.0537109375
6 0.70654296875 0.640625 0.0322265625 0.0546875
6 0.6650390625 0.6904296875 0.033203125 0.05078125
6 0.662109375 0.6240234375 0.033203125 0.05078125
6 0.59619140625 0.66552734375 0.0322265625 0.0576171875
6 0.55126953125 0.64990234375 0.0322265625 0.0537109375
6 0.61767578125 0.6083984375 0.0322265625 0.05859375
6 0.52978515625 0.64013671875 0.0361328125 0.0556640625
6 0.62255859375 0.80908203125 0.0322265625 0.0537109375
6 0.5732421875 0.83642578125 0.072265625 0.0439453125
6 0.6728515625 0.87255859375 0.064453125 0.0380859375
6 0.77783203125 0.861328125 0.0302734375 0.052734375
6 0.92529296875 0.77978515625 0.0283203125 0.0439453125
6 0.759765625 0.85498046875 0.029296875 0.0498046875
6 0.73583984375 0.8447265625 0.0322265625 0.0546875
6 0.71337890625 0.83837890625 0.0322265625 0.0498046875
6 0.6865234375 0.82861328125 0.02734375 0.0517578125
6 0.6669921875 0.82275390625 0.033203125 0.0517578125
6 0.92431640625 0.72265625 0.0283203125 0.046875
6 0.9462890625 0.72412109375 0.029296875 0.0478515625
6 0.96435546875 0.73486328125 0.0263671875 0.0458984375
6 0.9833984375 0.74169921875 0.029296875 0.0517578125
6 0.994140625 0.75048828125 0.01171875 0.0478515625
6 0.94384765625 0.7880859375 0.0322265625 0.05078125
12 0.39599609375 0.390625 0.3134765625 0.1875
