4 0.00732421875 0.73876953125 0.0126953125 0.0263671875
4 0.025390625 0.74853515625 0.017578125 0.0244140625
4 0.05517578125 0.75927734375 0.0185546875 0.0244140625
4 0.06640625 0.765625 0.021484375 0.02734375
4 0.10009765625 0.7197265625 0.0205078125 0.025390625
4 0.12939453125 0.8203125 0.0166015625 0.01953125
4 0.3212890625 0.8623046875 0.025390625 0.0234375
4 0.341796875 0.85107421875 0.01953125 0.0205078125
4 0.35009765625 0.84619140625 0.0244140625 0.0224609375
4 0.359375 0.83642578125 0.01953125 0.0224609375
4 0.4443359375 0.890625 0.021484375 0.021484375
6 0.1630859375 0.97021484375 0.0703125 0.0595703125
6 0.2783203125 0.83984375 0.029296875 0.02734375
12 0.1083984375 0.86962890625 0.21484375 0.2607421875
4 0.6796875 0.998046875 0.0234375 0.00390625
4 0.68798828125 0.99560546875 0.0224609375 0.0087890625
4 0.8671875 0.95751953125 0.0234375 0.0302734375
