6 0.97412109375 0.31884765625 0.0458984375 0.0380859375
6 0.22216796875 0.025390625 0.0478515625 0.048828125
6 0.22607421875 0.03662109375 0.0419921875 0.0712890625
6 0.2431640625 0.03955078125 0.048828125 0.0771484375
6 0.33984375 0.05224609375 0.015625 0.0615234375
6 0.3583984375 0.0390625 0.021484375 0.076171875
6 0.6533203125 0.1484375 0.064453125 0.0546875
6 0.6650390625 0.17724609375 0.07421875 0.0634765625
6 0.6728515625 0.23193359375 0.06640625 0.0478515625
6 0.6640625 0.21826171875 0.0546875 0.0380859375
6 0.47705078125 0.0615234375 0.0224609375 0.03515625
6 0.4658203125 0.0576171875 0.025390625 0.0390625
6 0.16455078125 0.0263671875 0.0283203125 0.05078125
12 0.1064453125 0.02978515625 0.015625 0.0205078125
6 0.96826171875 0.33935546875 0.0498046875 0.0439453125
6 0.96728515625 0.53564453125 0.0654296875 0.0751953125
6 0.98095703125 0.56103515625 0.0380859375 0.0712890625
