6 0.72216796875 0.025390625 0.0478515625 0.048828125
6 0.72607421875 0.03662109375 0.0419921875 0.0712890625
6 0.7431640625 0.03955078125 0.048828125 0.0771484375
6 0.83984375 0.05224609375 0.015625 0.0615234375
6 0.8583984375 0.0390625 0.021484375 0.076171875
6 0.97705078125 0.0615234375 0.0224609375 0.03515625
6 0.9658203125 0.0576171875 0.025390625 0.0390625
6 0.66455078125 0.0263671875 0.0283203125 0.05078125
6 0.22314453125 0.0791015625 0.0185546875 0.017578125
12 0.6064453125 0.02978515625 0.015625 0.0205078125
