6 0.97412109375 0.81884765625 0.0458984375 0.0380859375
6 0.380859375 0.349609375 0.060546875 0.0546875
6 0.22216796875 0.5078125 0.0478515625 0.083984375
6 0.22607421875 0.53564453125 0.0419921875 0.0732421875
6 0.2431640625 0.5361328125 0.048828125 0.083984375
6 0.33984375 0.55224609375 0.015625 0.0615234375
6 0.3583984375 0.53173828125 0.021484375 0.0908203125
6 0.6533203125 0.6484375 0.064453125 0.0546875
6 0.6650390625 0.67724609375 0.07421875 0.0634765625
6 0.6728515625 0.73193359375 0.06640625 0.0478515625
6 0.6640625 0.71826171875 0.0546875 0.0380859375
6 0.47705078125 0.5615234375 0.0224609375 0.03515625
6 0.4658203125 0.5576171875 0.025390625 0.0390625
6 0.16455078125 0.525390625 0.0283203125 0.052734375
12 0.1064453125 0.52978515625 0.015625 0.0205078125
6 0.96826171875 0.83935546875 0.0498046875 0.0439453125
6 0.96728515625 0.9990234375 0.0654296875 0.001953125
6 0.37548828125 0.3662109375 0.0732421875 0.068359375
