6 0.880859375 0.349609375 0.060546875 0.0546875
6 0.72216796875 0.5078125 0.0478515625 0.083984375
6 0.72607421875 0.53564453125 0.0419921875 0.0732421875
6 0.7431640625 0.5361328125 0.048828125 0.083984375
6 0.83984375 0.55224609375 0.015625 0.0615234375
6 0.8583984375 0.53173828125 0.021484375 0.0908203125
6 0.97705078125 0.5615234375 0.0224609375 0.03515625
6 0.9658203125 0.5576171875 0.025390625 0.0390625
6 0.66455078125 0.525390625 0.0283203125 0.052734375
6 0.22314453125 0.5791015625 0.0185546875 0.017578125
12 0.6064453125 0.52978515625 0.015625 0.0205078125
6 0.35205078125 0.00927734375 0.0166015625 0.0126953125
6 0.40771484375 0.09130859375 0.0244140625 0.0126953125
6 0.87548828125 0.3662109375 0.0732421875 0.068359375
