0 0.78369140625 0.48193359375 0.0263671875 0.0283203125
0 0.80712890625 0.47314453125 0.0244140625 0.0302734375
0 0.77294921875 0.43359375 0.0263671875 0.025390625
0 0.7705078125 0.3759765625 0.025390625 0.0234375
0 0.7099609375 0.5244140625 0.0234375 0.01953125
0 0.6923828125 0.5283203125 0.01953125 0.017578125
0 0.63134765625 0.5439453125 0.0205078125 0.017578125
0 0.64404296875 0.55029296875 0.0224609375 0.0166015625
0 0.7314453125 0.31201171875 0.01953125 0.0166015625
0 0.74365234375 0.3193359375 0.0185546875 0.015625
0 0.7236328125 0.32275390625 0.015625 0.0126953125
0 0.71142578125 0.31640625 0.0146484375 0.013671875
0 0.703125 0.3271484375 0.013671875 0.01171875
