0 0.619140625 0.49755859375 0.0234375 0.0244140625
0 0.6103515625 0.45849609375 0.0234375 0.0263671875
0 0.5537109375 0.4697265625 0.021484375 0.025390625
0 0.28369140625 0.88818359375 0.0263671875 0.0283203125
0 0.30712890625 0.87939453125 0.0244140625 0.0302734375
0 0.27294921875 0.83984375 0.0263671875 0.025390625
0 0.2705078125 0.7822265625 0.025390625 0.0234375
0 0.2099609375 0.9306640625 0.0234375 0.01953125
0 0.1923828125 0.9345703125 0.01953125 0.017578125
0 0.13134765625 0.9501953125 0.0205078125 0.017578125
0 0.14404296875 0.95654296875 0.0224609375 0.0166015625
0 0.2314453125 0.71826171875 0.01953125 0.0166015625
0 0.24365234375 0.7255859375 0.0185546875 0.015625
0 0.2236328125 0.72900390625 0.015625 0.0126953125
0 0.21142578125 0.72265625 0.0146484375 0.013671875
0 0.203125 0.7333984375 0.013671875 0.01171875
0 0.62451171875 0.5185546875 0.0244140625 0.025390625
0 0.615234375 0.4765625 0.0234375 0.0234375
0 0.55615234375 0.40771484375 0.0283203125 0.0322265625
