0 0.619140625 0.09130859375 0.0234375 0.0244140625
0 0.6103515625 0.05224609375 0.0234375 0.0263671875
0 0.5537109375 0.0634765625 0.021484375 0.025390625
0 0.28369140625 0.48193359375 0.0263671875 0.0283203125
0 0.30712890625 0.47314453125 0.0244140625 0.0302734375
0 0.27294921875 0.43359375 0.0263671875 0.025390625
0 0.2705078125 0.3759765625 0.025390625 0.0234375
0 0.2099609375 0.5244140625 0.0234375 0.01953125
0 0.1923828125 0.5283203125 0.01953125 0.017578125
0 0.13134765625 0.5439453125 0.0205078125 0.017578125
0 0.14404296875 0.55029296875 0.0224609375 0.0166015625
0 0.2314453125 0.31201171875 0.01953125 0.0166015625
0 0.24365234375 0.3193359375 0.0185546875 0.015625
0 0.2236328125 0.32275390625 0.015625 0.0126953125
0 0.21142578125 0.31640625 0.0146484375 0.013671875
0 0.203125 0.3271484375 0.013671875 0.01171875
0 0.62451171875 0.1123046875 0.0244140625 0.025390625
0 0.615234375 0.0703125 0.0234375 0.0234375
0 0.55615234375 0.00927734375 0.0283203125 0.0166015625
