6 0.41357421875 0.46923828125 0.0498046875 0.0576171875
6 0.58544921875 0.7431640625 0.0361328125 0.033203125
6 0.40380859375 0.65087890625 0.0439453125 0.0478515625
6 0.67138671875 0.24560546875 0.0439453125 0.0498046875
6 0.359375 0.474609375 0.11328125 0.201171875
2 0.27392578125 0.57080078125 0.0302734375 0.0263671875
6 0.408203125 0.99462890625 0.076171875 0.0107421875
6 0.92724609375 0.8994140625 0.1455078125 0.201171875
6 0.95751953125 0.7900390625 0.0849609375 0.125
6 0.9853515625 0.75390625 0.029296875 0.103515625
6 0.9326171875 0.3994140625 0.052734375 0.052734375
6 0.45556640625 0.123046875 0.0244140625 0.08984375
6 0.4912109375 0.966796875 0.123046875 0.06640625
6 0.63671875 0.861328125 0.18359375 0.169921875
