6 0.2197265625 0.72412109375 0.041015625 0.0283203125
6 0.203125 0.81640625 0.037109375 0.02734375
3 0.81298828125 0.947265625 0.1845703125 0.10546875
12 0.14501953125 0.61962890625 0.0927734375 0.0751953125
12 0.34033203125 0.01806640625 0.1044921875 0.0341796875
12 0.38525390625 0.03759765625 0.1044921875 0.0732421875
12 0.43798828125 0.04541015625 0.0791015625 0.0888671875
12 0.02197265625 0.33642578125 0.0419921875 0.1455078125
12 0.041015625 0.4228515625 0.080078125 0.125
12 0.05810546875 0.47705078125 0.1142578125 0.1103515625
12 0.0830078125 0.533203125 0.12109375 0.1015625
12 0.11083984375 0.57958984375 0.1103515625 0.0888671875
12 0.166015625 0.65234375 0.080078125 0.0625
12 0.18896484375 0.6953125 0.0830078125 0.0703125
6 0.2138671875 0.7744140625 0.033203125 0.017578125
6 0.205078125 0.78466796875 0.037109375 0.0185546875
6 0.20361328125 0.8427734375 0.0322265625 0.015625
6 0.20849609375 0.76025390625 0.0400390625 0.0205078125
