6 0.91259765625 0.96142578125 0.0576171875 0.0615234375
6 0.08544921875 0.3369140625 0.0361328125 0.033203125
6 0.4765625 0.54150390625 0.244140625 0.2978515625
6 0.71044921875 0.7255859375 0.1162109375 0.142578125
6 0.46728515625 0.3837890625 0.1044921875 0.125
6 0.51708984375 0.34765625 0.0927734375 0.103515625
6 0.4326171875 0.01025390625 0.052734375 0.0185546875
12 0.93310546875 0.001953125 0.1337890625 0.001953125
12 0.9638671875 0.0400390625 0.072265625 0.078125
12 0.99267578125 0.07080078125 0.0146484375 0.1103515625
6 0.87158203125 0.64013671875 0.0576171875 0.0966796875
6 0.02685546875 0.5830078125 0.0517578125 0.111328125
6 0.13671875 0.455078125 0.18359375 0.169921875
