6 0.2197265625 0.31787109375 0.041015625 0.0283203125
6 0.203125 0.41015625 0.037109375 0.02734375
3 0.81298828125 0.5654296875 0.1845703125 0.154296875
2 0.177734375 0.70361328125 0.0625 0.0341796875
12 0.14501953125 0.21337890625 0.0927734375 0.0751953125
12 0.02197265625 0.001953125 0.0419921875 0.001953125
12 0.041015625 0.0400390625 0.080078125 0.078125
12 0.05810546875 0.07080078125 0.1142578125 0.1103515625
12 0.0830078125 0.126953125 0.12109375 0.1015625
12 0.11083984375 0.17333984375 0.1103515625 0.0888671875
12 0.166015625 0.24609375 0.080078125 0.0625
12 0.18896484375 0.2890625 0.0830078125 0.0703125
6 0.2138671875 0.3681640625 0.033203125 0.017578125
6 0.205078125 0.37841796875 0.037109375 0.0185546875
6 0.20361328125 0.4365234375 0.0322265625 0.015625
6 0.20849609375 0.35400390625 0.0400390625 0.0205078125
