6 0.47119140625 0.2548828125 0.0478515625 0.041015625
6 0.7197265625 0.72412109375 0.041015625 0.0283203125
6 0.703125 0.81640625 0.037109375 0.02734375
6 0.45654296875 0.22509765625 0.0498046875 0.0400390625
6 0.46435546875 0.240234375 0.0478515625 0.037109375
6 0.4296875 0.1953125 0.0625 0.046875
12 0.64501953125 0.61962890625 0.0927734375 0.0751953125
6 0.0498046875 0.8994140625 0.09765625 0.201171875
6 0.01025390625 0.7900390625 0.0185546875 0.125
6 0.0322265625 0.75390625 0.0625 0.103515625
12 0.84033203125 0.01806640625 0.1044921875 0.0341796875
12 0.88525390625 0.03759765625 0.1044921875 0.0732421875
12 0.93798828125 0.04541015625 0.0791015625 0.0888671875
12 0.45458984375 0.33642578125 0.1767578125 0.1455078125
12 0.50439453125 0.4228515625 0.1533203125 0.125
12 0.55029296875 0.47705078125 0.1298828125 0.1103515625
12 0.5830078125 0.533203125 0.12109375 0.1015625
12 0.61083984375 0.57958984375 0.1103515625 0.0888671875
12 0.666015625 0.65234375 0.080078125 0.0625
6 0.42138671875 0.17626953125 0.0634765625 0.0458984375
12 0.68896484375 0.6953125 0.0830078125 0.0703125
6 0.7138671875 0.7744140625 0.033203125 0.017578125
6 0.705078125 0.78466796875 0.037109375 0.0185546875
6 0.70361328125 0.8427734375 0.0322265625 0.015625
6 0.70849609375 0.76025390625 0.0400390625 0.0205078125
6 0.37158203125 0.9990234375 0.0576171875 0.001953125
6 0.201171875 0.0478515625 0.068359375 0.09375
6 0.28564453125 0.0712890625 0.0537109375 0.0703125
6 0.32666015625 0.08837890625 0.0478515625 0.0673828125
6 0.4013671875 0.14013671875 0.06640625 0.0458984375
6 0.4091796875 0.16015625 0.064453125 0.046875
