6 0.97119140625 0.7548828125 0.0478515625 0.041015625
6 0.17138671875 0.74560546875 0.0439453125 0.0498046875
6 0.95654296875 0.72509765625 0.0498046875 0.0400390625
6 0.96435546875 0.740234375 0.0478515625 0.037109375
6 0.9296875 0.6953125 0.0625 0.046875
6 0.4326171875 0.8994140625 0.052734375 0.052734375
12 0.93310546875 0.83642578125 0.1337890625 0.1455078125
12 0.9638671875 0.9228515625 0.072265625 0.125
12 0.99267578125 0.9609375 0.0146484375 0.078125
6 0.92138671875 0.67626953125 0.0634765625 0.0458984375
6 0.701171875 0.5419921875 0.068359375 0.10546875
6 0.78564453125 0.5712890625 0.0537109375 0.0703125
6 0.82666015625 0.58837890625 0.0478515625 0.0673828125
6 0.9013671875 0.64013671875 0.06640625 0.0458984375
6 0.9091796875 0.66015625 0.064453125 0.046875
