6 0.17822265625 0.64697265625 0.0654296875 0.0634765625
6 0.18310546875 0.556640625 0.0908203125 0.078125
6 0.0859375 0.01123046875 0.037109375 0.0205078125
12 0.40771484375 0.22216796875 0.1865234375 0.1826171875
9 0.74658203125 0.21826171875 0.0341796875 0.0341796875
9 0.71728515625 0.22607421875 0.0283203125 0.0322265625
9 0.68701171875 0.234375 0.0341796875 0.03515625
9 0.74658203125 0.1650390625 0.0302734375 0.029296875
9 0.736328125 0.1337890625 0.03125 0.029296875
9 0.61376953125 0.27294921875 0.0302734375 0.0283203125
11 0.60595703125 0.7783203125 0.0595703125 0.076171875
12 0.287109375 0.9248046875 0.134765625 0.14453125
12 0.34033203125 0.9541015625 0.1044921875 0.091796875
12 0.38525390625 0.97705078125 0.1044921875 0.0458984375
12 0.43798828125 0.99658203125 0.0791015625 0.0068359375
