6 0.97119140625 0.2548828125 0.0478515625 0.041015625
6 0.08544921875 0.7431640625 0.0361328125 0.033203125
6 0.17138671875 0.24560546875 0.0439453125 0.0498046875
6 0.95654296875 0.22509765625 0.0498046875 0.0400390625
6 0.96435546875 0.240234375 0.0478515625 0.037109375
6 0.9296875 0.1953125 0.0625 0.046875
6 0.4765625 0.8994140625 0.244140625 0.201171875
6 0.46728515625 0.7900390625 0.1044921875 0.125
6 0.51708984375 0.75390625 0.0927734375 0.103515625
6 0.4326171875 0.3994140625 0.052734375 0.052734375
12 0.93310546875 0.33642578125 0.1337890625 0.1455078125
12 0.9638671875 0.4228515625 0.072265625 0.125
12 0.99267578125 0.47705078125 0.0146484375 0.1103515625
6 0.92138671875 0.17626953125 0.0634765625 0.0458984375
6 0.87158203125 0.9990234375 0.0576171875 0.001953125
6 0.02685546875 0.966796875 0.0517578125 0.06640625
6 0.13671875 0.861328125 0.18359375 0.169921875
6 0.701171875 0.0478515625 0.068359375 0.09375
6 0.78564453125 0.0712890625 0.0537109375 0.0703125
6 0.82666015625 0.08837890625 0.0478515625 0.0673828125
6 0.9013671875 0.14013671875 0.06640625 0.0458984375
6 0.9091796875 0.16015625 0.064453125 0.046875
