6 0.17822265625 0.14697265625 0.0654296875 0.0634765625
6 0.18310546875 0.056640625 0.0908203125 0.078125
11 0.60595703125 0.2783203125 0.0595703125 0.076171875
12 0.287109375 0.4248046875 0.134765625 0.14453125
12 0.34033203125 0.4716796875 0.1044921875 0.126953125
12 0.38525390625 0.51416015625 0.1044921875 0.1201171875
12 0.43798828125 0.54150390625 0.0791015625 0.0966796875
12 0.02197265625 0.83642578125 0.0419921875 0.1455078125
12 0.041015625 0.9228515625 0.080078125 0.125
12 0.05810546875 0.9609375 0.1142578125 0.078125
12 0.0830078125 0.9912109375 0.12109375 0.017578125
