6 0.41259765625 0.96142578125 0.0576171875 0.0615234375
6 0.7197265625 0.31787109375 0.041015625 0.0283203125
6 0.703125 0.41015625 0.037109375 0.02734375
2 0.677734375 0.70361328125 0.0625 0.0341796875
12 0.64501953125 0.21337890625 0.0927734375 0.0751953125
6 0.0498046875 0.54150390625 0.09765625 0.2978515625
6 0.21044921875 0.7255859375 0.1162109375 0.142578125
6 0.01025390625 0.3837890625 0.0185546875 0.125
6 0.0322265625 0.34765625 0.0625 0.103515625
12 0.45458984375 0.001953125 0.1767578125 0.001953125
12 0.50439453125 0.0400390625 0.1533203125 0.078125
12 0.55029296875 0.07080078125 0.1298828125 0.1103515625
12 0.5830078125 0.126953125 0.12109375 0.1015625
12 0.61083984375 0.17333984375 0.1103515625 0.0888671875
12 0.666015625 0.24609375 0.080078125 0.0625
12 0.68896484375 0.2890625 0.0830078125 0.0703125
6 0.7138671875 0.3681640625 0.033203125 0.017578125
6 0.705078125 0.37841796875 0.037109375 0.0185546875
6 0.70361328125 0.4365234375 0.0322265625 0.015625
6 0.70849609375 0.35400390625 0.0400390625 0.0205078125
6 0.37158203125 0.64013671875 0.0576171875 0.0966796875
