6 0.47119140625 0.7548828125 0.0478515625 0.041015625
6 0.67822265625 0.14697265625 0.0654296875 0.0634765625
6 0.68310546875 0.056640625 0.0908203125 0.078125
6 0.45654296875 0.72509765625 0.0498046875 0.0400390625
6 0.46435546875 0.740234375 0.0478515625 0.037109375
6 0.4296875 0.6953125 0.0625 0.046875
12 0.787109375 0.4248046875 0.134765625 0.14453125
12 0.84033203125 0.4716796875 0.1044921875 0.126953125
12 0.88525390625 0.51416015625 0.1044921875 0.1201171875
12 0.93798828125 0.54150390625 0.0791015625 0.0966796875
12 0.45458984375 0.83642578125 0.1767578125 0.1455078125
12 0.50439453125 0.9228515625 0.1533203125 0.125
12 0.55029296875 0.9609375 0.1298828125 0.078125
12 0.5830078125 0.9912109375 0.12109375 0.017578125
6 0.42138671875 0.67626953125 0.0634765625 0.0458984375
6 0.201171875 0.5419921875 0.068359375 0.10546875
6 0.28564453125 0.5712890625 0.0537109375 0.0703125
6 0.32666015625 0.58837890625 0.0478515625 0.0673828125
6 0.4013671875 0.64013671875 0.06640625 0.0458984375
6 0.4091796875 0.66015625 0.064453125 0.046875
