6 0.41357421875 0.06298828125 0.0498046875 0.0576171875
6 0.58544921875 0.3369140625 0.0361328125 0.033203125
6 0.40380859375 0.24462890625 0.0439453125 0.0478515625
6 0.359375 0.0849609375 0.11328125 0.16796875
2 0.27392578125 0.16455078125 0.0302734375 0.0263671875
6 0.408203125 0.6201171875 0.076171875 0.07421875
6 0.92724609375 0.54150390625 0.1455078125 0.2978515625
6 0.95751953125 0.3837890625 0.0849609375 0.125
6 0.9853515625 0.34765625 0.029296875 0.103515625
6 0.9326171875 0.01025390625 0.052734375 0.0185546875
6 0.4912109375 0.5830078125 0.123046875 0.111328125
6 0.63671875 0.455078125 0.18359375 0.169921875
