0 0.10693359375 0.048828125 0.0244140625 0.029296875
0 0.1767578125 0.06396484375 0.025390625 0.0224609375
0 0.1455078125 0.1376953125 0.01953125 0.01953125
0 0.20458984375 0.1123046875 0.0205078125 0.025390625
0 0.0517578125 0.29345703125 0.025390625 0.0322265625
0 0.0361328125 0.10693359375 0.017578125 0.0166015625
0 0.02197265625 0.1044921875 0.0126953125 0.013671875
0 0.14794921875 0.04931640625 0.0224609375 0.0244140625
0 0.15966796875 0.0556640625 0.0146484375 0.013671875
0 0.1689453125 0.15673828125 0.013671875 0.0166015625
0 0.1806640625 0.15771484375 0.013671875 0.0166015625
0 0.19189453125 0.15966796875 0.0126953125 0.0166015625
0 0.20654296875 0.14599609375 0.0126953125 0.0166015625
0 0.2060546875 0.13037109375 0.013671875 0.0146484375
0 0.0390625 0.0380859375 0.015625 0.017578125
0 0.13037109375 0.119140625 0.0146484375 0.01953125
0 0.171875 0.1259765625 0.01171875 0.017578125
0 0.2041015625 0.1611328125 0.01953125 0.017578125
0 0.1298828125 0.1357421875 0.013671875 0.017578125
0 0.00732421875 0.10107421875 0.0126953125 0.0126953125
0 0.1611328125 0.12158203125 0.01171875 0.0146484375
0 0.16064453125 0.14306640625 0.0126953125 0.0146484375
0 0.158203125 0.1552734375 0.009765625 0.013671875
