0 0.3916015625 0.24755859375 0.05078125 0.0537109375
0 0.60693359375 0.048828125 0.0244140625 0.029296875
0 0.6767578125 0.06396484375 0.025390625 0.0224609375
0 0.6455078125 0.1376953125 0.01953125 0.01953125
0 0.70458984375 0.1123046875 0.0205078125 0.025390625
0 0.5517578125 0.29345703125 0.025390625 0.0322265625
0 0.48486328125 0.10546875 0.0263671875 0.0234375
0 0.5361328125 0.10693359375 0.017578125 0.0166015625
0 0.52197265625 0.1044921875 0.0126953125 0.013671875
0 0.64794921875 0.04931640625 0.0224609375 0.0244140625
0 0.65966796875 0.0556640625 0.0146484375 0.013671875
0 0.6689453125 0.15673828125 0.013671875 0.0166015625
0 0.6806640625 0.15771484375 0.013671875 0.0166015625
0 0.69189453125 0.15966796875 0.0126953125 0.0166015625
0 0.70654296875 0.14599609375 0.0126953125 0.0166015625
0 0.7060546875 0.13037109375 0.013671875 0.0146484375
0 0.5390625 0.0380859375 0.015625 0.017578125
0 0.63037109375 0.119140625 0.0146484375 0.01953125
0 0.671875 0.1259765625 0.01171875 0.017578125
0 0.7041015625 0.1611328125 0.01953125 0.017578125
0 0.6298828125 0.1357421875 0.013671875 0.017578125
0 0.50634765625 0.10107421875 0.0146484375 0.0126953125
0 0.6611328125 0.12158203125 0.01171875 0.0146484375
0 0.66064453125 0.14306640625 0.0126953125 0.0146484375
0 0.658203125 0.1552734375 0.009765625 0.013671875
0 0.45166015625 0.38427734375 0.0517578125 0.0556640625
