0 0.10693359375 0.455078125 0.0244140625 0.029296875
0 0.1767578125 0.47021484375 0.025390625 0.0224609375
0 0.1455078125 0.5439453125 0.01953125 0.01953125
0 0.20458984375 0.5185546875 0.0205078125 0.025390625
0 0.0517578125 0.69970703125 0.025390625 0.0322265625
0 0.0361328125 0.51318359375 0.017578125 0.0166015625
0 0.02197265625 0.5107421875 0.0126953125 0.013671875
0 0.14794921875 0.45556640625 0.0224609375 0.0244140625
0 0.15966796875 0.4619140625 0.0146484375 0.013671875
0 0.1689453125 0.56298828125 0.013671875 0.0166015625
0 0.1806640625 0.56396484375 0.013671875 0.0166015625
0 0.19189453125 0.56591796875 0.0126953125 0.0166015625
0 0.20654296875 0.55224609375 0.0126953125 0.0166015625
0 0.2060546875 0.53662109375 0.013671875 0.0146484375
0 0.0390625 0.4443359375 0.015625 0.017578125
0 0.13037109375 0.525390625 0.0146484375 0.01953125
0 0.171875 0.5322265625 0.01171875 0.017578125
0 0.2041015625 0.5673828125 0.01953125 0.017578125
0 0.1298828125 0.5419921875 0.013671875 0.017578125
0 0.00732421875 0.50732421875 0.0126953125 0.0126953125
0 0.1611328125 0.52783203125 0.01171875 0.0146484375
0 0.16064453125 0.54931640625 0.0126953125 0.0146484375
0 0.158203125 0.5615234375 0.009765625 0.013671875
