4 0.45263671875 0.95556640625 0.0458984375 0.0380859375
4 0.59619140625 0.98876953125 0.0361328125 0.0224609375
4 0.54248046875 0.9892578125 0.0380859375 0.021484375
4 0.4755859375 0.99560546875 0.03515625 0.0087890625
4 0.4990234375 0.99609375 0.03125 0.0078125
4 0.56201171875 0.98486328125 0.0322265625 0.0302734375
4 0.52294921875 0.96435546875 0.0458984375 0.0361328125
4 0.56640625 0.96435546875 0.04296875 0.0458984375
4 0.5185546875 0.9912109375 0.03515625 0.017578125
4 0.1142578125 0.34326171875 0.037109375 0.0341796875
4 0.13916015625 0.37939453125 0.0341796875 0.0322265625
4 0.16748046875 0.42236328125 0.0380859375 0.0341796875
4 0.212890625 0.4853515625 0.04296875 0.0390625
4 0.18798828125 0.451171875 0.0400390625 0.033203125
4 0.53173828125 0.01953125 0.0361328125 0.037109375
4 0.57470703125 0.91015625 0.0458984375 0.03515625
4 0.5244140625 0.97021484375 0.04296875 0.0263671875
4 0.5693359375 0.06201171875 0.037109375 0.0439453125
4 0.63916015625 0.1552734375 0.0361328125 0.041015625
4 0.68896484375 0.03857421875 0.0419921875 0.0380859375
4 0.71337890625 0.34423828125 0.0419921875 0.0439453125
4 0.60791015625 0.1181640625 0.0361328125 0.041015625
4 0.880859375 0.43408203125 0.037109375 0.0400390625
4 0.91455078125 0.474609375 0.0361328125 0.0390625
4 0.58837890625 0.9287109375 0.0419921875 0.037109375
4 0.57421875 0.91015625 0.046875 0.0390625
4 0.4951171875 0.86865234375 0.033203125 0.0380859375
4 0.56640625 0.9658203125 0.037109375 0.0390625
4 0.47900390625 0.88818359375 0.0380859375 0.0439453125
4 0.56005859375 0.12939453125 0.0400390625 0.0380859375
4 0.44140625 0.728515625 0.046875 0.0390625
4 0.607421875 0.11767578125 0.037109375 0.0400390625
4 0.53173828125 0.0810546875 0.0419921875 0.044921875
4 0.568359375 0.06201171875 0.0390625 0.0419921875
4 0.49267578125 0.6474609375 0.0400390625 0.04296875
4 0.416015625 0.6943359375 0.048828125 0.041015625
4 0.48095703125 0.77978515625 0.0439453125 0.0380859375
4 0.39111328125 0.72265625 0.0400390625 0.046875
4 0.43603515625 0.86376953125 0.0341796875 0.0400390625
4 0.45361328125 0.95556640625 0.0419921875 0.0380859375
4 0.58837890625 0.92822265625 0.0419921875 0.0361328125
4 0.42822265625 0.7109375 0.0458984375 0.0390625
4 0.45361328125 0.74609375 0.0478515625 0.0390625
4 0.458984375 0.90234375 0.037109375 0.044921875
4 0.466796875 0.76318359375 0.044921875 0.0361328125
4 0.41748046875 0.759765625 0.0380859375 0.04296875
4 0.345703125 0.6982421875 0.0390625 0.046875
4 0.3251953125 0.7138671875 0.041015625 0.046875
4 0.3525390625 0.74951171875 0.0390625 0.0458984375
4 0.37109375 0.73583984375 0.0390625 0.0419921875
4 0.39892578125 0.7734375 0.0419921875 0.046875
4 0.3095703125 0.728515625 0.041015625 0.046875
4 0.42626953125 0.8095703125 0.0380859375 0.044921875
4 0.40869140625 0.822265625 0.0361328125 0.04296875
4 0.45361328125 0.849609375 0.0380859375 0.04296875
4 0.064453125 0.2919921875 0.0390625 0.03515625
4 0.09326171875 0.3212890625 0.0439453125 0.04296875
4 0.0087890625 0.35546875 0.015625 0.037109375
4 0.01708984375 0.375 0.0322265625 0.0390625
4 0.0654296875 0.447265625 0.044921875 0.037109375
4 0.1083984375 0.50927734375 0.044921875 0.0419921875
4 0.6240234375 0.9755859375 0.04296875 0.041015625
4 0.63671875 0.98828125 0.046875 0.0234375
4 0.6494140625 0.99755859375 0.04296875 0.0048828125
4 0.36669921875 0.97900390625 0.0361328125 0.0419921875
4 0.2998046875 0.78662109375 0.044921875 0.0517578125
4 0.3251953125 0.85302734375 0.041015625 0.0322265625
4 0.337890625 0.873046875 0.041015625 0.0390625
4 0.3515625 0.89208984375 0.037109375 0.0341796875
