5 0.39306640625 0.97314453125 0.1240234375 0.0537109375
4 0.0205078125 0.21728515625 0.0390625 0.0400390625
4 0.1220703125 0.06396484375 0.04296875 0.0400390625
4 0.15673828125 0.0380859375 0.0380859375 0.033203125
5 0.35693359375 0.6806640625 0.0908203125 0.078125
4 0.830078125 0.34326171875 0.037109375 0.0341796875
4 0.85498046875 0.37939453125 0.0341796875 0.0322265625
4 0.88330078125 0.42236328125 0.0380859375 0.0341796875
4 0.9287109375 0.4853515625 0.04296875 0.0390625
5 0.00927734375 0.86767578125 0.0166015625 0.0771484375
5 0.33935546875 0.6513671875 0.0693359375 0.060546875
5 0.17578125 0.11328125 0.078125 0.068359375
5 0.2529296875 0.0576171875 0.064453125 0.060546875
4 0.90380859375 0.451171875 0.0400390625 0.033203125
4 0.7802734375 0.2919921875 0.0390625 0.03515625
4 0.80908203125 0.3212890625 0.0439453125 0.04296875
4 0.68701171875 0.32568359375 0.0380859375 0.0322265625
4 0.71337890625 0.35546875 0.0380859375 0.037109375
4 0.72900390625 0.375 0.0400390625 0.0390625
4 0.78125 0.447265625 0.044921875 0.037109375
4 0.82421875 0.50927734375 0.044921875 0.0419921875
4 0.05419921875 0.11962890625 0.0361328125 0.0341796875
4 0.99658203125 0.78662109375 0.0068359375 0.0517578125
