5 0.39306640625 0.48095703125 0.1240234375 0.0693359375
5 0.05322265625 0.62109375 0.1044921875 0.07421875
4 0.65478515625 0.89404296875 0.0322265625 0.0537109375
4 0.69384765625 0.9248046875 0.0341796875 0.05078125
5 0.35693359375 0.1806640625 0.0908203125 0.078125
4 0.9287109375 0.0029296875 0.04296875 0.00390625
5 0.00927734375 0.36767578125 0.0166015625 0.0771484375
5 0.33935546875 0.1513671875 0.0693359375 0.060546875
4 0.82421875 0.015625 0.044921875 0.029296875
4 0.99658203125 0.28662109375 0.0068359375 0.0517578125
4 0.03173828125 0.7197265625 0.0498046875 0.037109375
4 0.12255859375 0.68310546875 0.0400390625 0.0322265625
4 0.33740234375 0.609375 0.0419921875 0.06640625
