4 0.6806640625 0.47705078125 0.041015625 0.0380859375
4 0.8056640625 0.30810546875 0.041015625 0.0400390625
4 0.85302734375 0.2587890625 0.0439453125 0.04296875
4 0.9345703125 0.2109375 0.041015625 0.037109375
4 0.970703125 0.17822265625 0.046875 0.0439453125
4 0.998046875 0.21728515625 0.00390625 0.0400390625
4 0.458984375 0.6279296875 0.04296875 0.041015625
4 0.49755859375 0.6005859375 0.0400390625 0.0390625
4 0.53759765625 0.5703125 0.0419921875 0.041015625
4 0.63671875 0.50537109375 0.046875 0.0419921875
4 0.7138671875 0.45458984375 0.041015625 0.0380859375
4 0.62158203125 0.4462890625 0.0498046875 0.046875
4 0.74951171875 0.43017578125 0.0419921875 0.0361328125
4 0.69775390625 0.38916015625 0.0419921875 0.0380859375
4 0.732421875 0.36083984375 0.0390625 0.0361328125
4 0.76708984375 0.33740234375 0.0439453125 0.0400390625
4 0.8701171875 0.3291015625 0.046875 0.04296875
4 0.90771484375 0.2958984375 0.0478515625 0.044921875
4 0.6630859375 0.41357421875 0.04296875 0.0400390625
4 0.572265625 0.482421875 0.044921875 0.041015625
5 0.966796875 0.86767578125 0.06640625 0.0771484375
4 0.353515625 0.60693359375 0.029296875 0.0400390625
4 0.37255859375 0.59814453125 0.0341796875 0.0419921875
4 0.38232421875 0.63232421875 0.0419921875 0.0361328125
4 0.4228515625 0.66259765625 0.048828125 0.0439453125
4 0.4501953125 0.6826171875 0.0390625 0.04296875
4 0.421875 0.595703125 0.04296875 0.037109375
4 0.45751953125 0.56884765625 0.0400390625 0.0380859375
4 0.45947265625 0.62744140625 0.0419921875 0.0400390625
5 0.9501953125 0.8388671875 0.076171875 0.064453125
4 0.53076171875 0.5166015625 0.0419921875 0.0390625
5 0.92626953125 0.81298828125 0.0712890625 0.0556640625
5 0.9130859375 0.7890625 0.068359375 0.056640625
5 0.9267578125 0.74560546875 0.076171875 0.0673828125
5 0.904296875 0.72119140625 0.080078125 0.0712890625
5 0.939453125 0.58203125 0.05078125 0.05859375
5 0.89111328125 0.6103515625 0.0458984375 0.052734375
4 0.45703125 0.568359375 0.0390625 0.0390625
4 0.44970703125 0.68310546875 0.0380859375 0.0439453125
4 0.49560546875 0.54248046875 0.0419921875 0.0361328125
4 0.6513671875 0.53564453125 0.037109375 0.0322265625
4 0.5615234375 0.59228515625 0.0234375 0.0439453125
4 0.5458984375 0.61181640625 0.0234375 0.0458984375
4 0.52783203125 0.6240234375 0.0224609375 0.041015625
4 0.48291015625 0.65185546875 0.0283203125 0.0517578125
4 0.50732421875 0.63525390625 0.0302734375 0.0458984375
4 0.4658203125 0.67041015625 0.03125 0.0458984375
4 0.00830078125 0.13623046875 0.0146484375 0.0595703125
