4 0.9658203125 0.03955078125 0.017578125 0.0419921875
4 0.9619140625 0.001953125 0.044921875 0.001953125
4 0.9072265625 0.10302734375 0.021484375 0.0400390625
4 0.0830078125 0.11669921875 0.04296875 0.0283203125
4 0.9013671875 0.0068359375 0.046875 0.01171875
4 0.83984375 0.01220703125 0.06640625 0.0224609375
4 0.07861328125 0.16259765625 0.0419921875 0.0322265625
4 0.76416015625 0.02783203125 0.0380859375 0.0166015625
4 0.76806640625 0.05517578125 0.0419921875 0.0205078125
4 0.64404296875 0.0380859375 0.0556640625 0.0234375
4 0.59228515625 0.04345703125 0.0400390625 0.0185546875
4 0.65771484375 0.064453125 0.0498046875 0.02734375
4 0.32666015625 0.07275390625 0.0400390625 0.0205078125
4 0.3330078125 0.123046875 0.041015625 0.017578125
4 0.37109375 0.06689453125 0.037109375 0.0205078125
5 0.89697265625 0.2861328125 0.0380859375 0.087890625
5 0.84033203125 0.30224609375 0.0380859375 0.0791015625
5 0.8681640625 0.291015625 0.029296875 0.08203125
5 0.927734375 0.29052734375 0.033203125 0.0869140625
5 0.8505859375 0.18896484375 0.05859375 0.0283203125
5 0.9345703125 0.18310546875 0.0703125 0.0322265625
5 0.96630859375 0.9248046875 0.0673828125 0.0234375
4 0.8154296875 0.91845703125 0.041015625 0.0166015625
5 0.99755859375 0.48388671875 0.0048828125 0.0615234375
4 0.2666015625 0.93603515625 0.0390625 0.0224609375
5 0.7724609375 0.41259765625 0.060546875 0.0322265625
5 0.77880859375 0.48095703125 0.0302734375 0.0908203125
5 0.8369140625 0.4560546875 0.029296875 0.08984375
4 0.078125 0.162109375 0.04296875 0.033203125
4 0.08203125 0.1181640625 0.041015625 0.025390625
4 0.01416015625 0.95263671875 0.0263671875 0.0244140625
4 0.0751953125 0.8984375 0.064453125 0.029296875
4 0.3837890625 0.8916015625 0.029296875 0.056640625
4 0.5615234375 0.95068359375 0.0703125 0.0302734375
5 0.99365234375 0.41357421875 0.0126953125 0.0693359375
4 0.75927734375 0.923828125 0.0439453125 0.021484375
4 0.8154296875 0.91748046875 0.041015625 0.0185546875
4 0.33349609375 0.12353515625 0.0400390625 0.0185546875
4 0.00732421875 0.3955078125 0.0126953125 0.025390625
5 0.869140625 0.458984375 0.033203125 0.08984375
5 0.900390625 0.46240234375 0.029296875 0.0634765625
5 0.09521484375 0.5986328125 0.0966796875 0.03515625
4 0.65283203125 0.8671875 0.0283203125 0.04296875
4 0.0078125 0.37060546875 0.013671875 0.0302734375
4 0.0087890625 0.41845703125 0.015625 0.0302734375
5 0.55224609375 0.529296875 0.1142578125 0.1015625
5 0.1806640625 0.5888671875 0.08203125 0.037109375
5 0.2568359375 0.57958984375 0.0703125 0.0322265625
5 0.34619140625 0.47607421875 0.0927734375 0.0380859375
5 0.3310546875 0.42041015625 0.091796875 0.0380859375
5 0.2314453125 0.43505859375 0.11328125 0.0439453125
5 0.13671875 0.44677734375 0.0859375 0.0380859375
5 0.0654296875 0.45751953125 0.056640625 0.0361328125
5 0.09423828125 0.48486328125 0.1025390625 0.0419921875
5 0.201171875 0.46826171875 0.111328125 0.0439453125
5 0.29248046875 0.45458984375 0.0810546875 0.0380859375
5 0.369140625 0.44189453125 0.068359375 0.0341796875
5 0.41845703125 0.40771484375 0.0869140625 0.0302734375
5 0.46826171875 0.48779296875 0.0732421875 0.0302734375
5 0.40673828125 0.49560546875 0.0634765625 0.0341796875
5 0.2548828125 0.48779296875 0.08984375 0.0380859375
5 0.533203125 0.4521484375 0.080078125 0.037109375
5 0.17138671875 0.49951171875 0.0791015625 0.0400390625
5 0.0869140625 0.513671875 0.099609375 0.0390625
5 0.32861328125 0.50634765625 0.0966796875 0.0361328125
5 0.169921875 0.53173828125 0.099609375 0.0419921875
5 0.08349609375 0.54248046875 0.0791015625 0.0361328125
5 0.421875 0.52490234375 0.0859375 0.0380859375
5 0.33349609375 0.5380859375 0.0888671875 0.03515625
5 0.193359375 0.55810546875 0.08203125 0.0361328125
5 0.0947265625 0.5703125 0.09375 0.037109375
5 0.32080078125 0.5712890625 0.0615234375 0.033203125
5 0.38916015625 0.5625 0.0634765625 0.037109375
5 0.44140625 0.462890625 0.09765625 0.037109375
5 0.4658203125 0.43115234375 0.083984375 0.0341796875
5 0.05859375 0.341796875 0.078125 0.0390625
5 0.02978515625 0.60888671875 0.0302734375 0.0947265625
5 0.55712890625 0.27294921875 0.0654296875 0.0302734375
5 0.53076171875 0.3955078125 0.0791015625 0.037109375
5 0.13330078125 0.3876953125 0.0947265625 0.04296875
5 0.18408203125 0.3505859375 0.0693359375 0.033203125
5 0.271484375 0.3408203125 0.08203125 0.03515625
5 0.4033203125 0.32275390625 0.078125 0.0380859375
5 0.6162109375 0.3046875 0.060546875 0.0546875
5 0.4970703125 0.33935546875 0.08203125 0.0322265625
5 0.27880859375 0.36669921875 0.0810546875 0.0361328125
5 0.07470703125 0.427734375 0.0771484375 0.03515625
5 0.15576171875 0.41552734375 0.0908203125 0.0380859375
5 0.48681640625 0.3671875 0.0810546875 0.037109375
5 0.5576171875 0.357421875 0.0546875 0.03125
