5 0.01171875 0.67626953125 0.021484375 0.0478515625
5 0.0048828125 0.6455078125 0.0078125 0.044921875
5 0.89013671875 0.20166015625 0.0712890625 0.0322265625
5 0.9052734375 0.30419921875 0.0390625 0.0634765625
5 0.9375 0.296875 0.03515625 0.060546875
5 0.96728515625 0.28125 0.0341796875 0.05859375
5 0.92724609375 0.23779296875 0.0615234375 0.0341796875
5 0.01318359375 0.333984375 0.0244140625 0.044921875
5 0.03173828125 0.35595703125 0.0615234375 0.0419921875
5 0.1748046875 0.2138671875 0.08984375 0.078125
5 0.16943359375 0.35888671875 0.0498046875 0.0947265625
5 0.2333984375 0.3525390625 0.04296875 0.095703125
5 0.20458984375 0.361328125 0.0419921875 0.091796875
5 0.8310546875 0.2822265625 0.076171875 0.044921875
5 0.830078125 0.25244140625 0.072265625 0.0439453125
5 0.82275390625 0.22607421875 0.0712890625 0.0400390625
4 0.48486328125 0.33837890625 0.0244140625 0.0380859375
4 0.228515625 0.03125 0.0390625 0.025390625
4 0.30810546875 0.353515625 0.0244140625 0.03515625
4 0.3193359375 0.39013671875 0.025390625 0.0361328125
4 0.34912109375 0.3779296875 0.0224609375 0.03515625
4 0.3759765625 0.3681640625 0.021484375 0.037109375
4 0.3974609375 0.36767578125 0.01953125 0.0341796875
4 0.41748046875 0.35693359375 0.0263671875 0.0361328125
4 0.93212890625 0.35986328125 0.0419921875 0.0322265625
5 0.09619140625 0.0712890625 0.1025390625 0.140625
5 0.177734375 0.048828125 0.107421875 0.095703125
5 0.15380859375 0.58349609375 0.0908203125 0.0458984375
5 0.06787109375 0.6435546875 0.0966796875 0.064453125
4 0.59765625 0.27734375 0.03125 0.05078125
5 0.05615234375 0.60595703125 0.1005859375 0.0458984375
4 0.93212890625 0.36083984375 0.0400390625 0.0302734375
4 0.89111328125 0.60888671875 0.0244140625 0.0361328125
4 0.98681640625 0.6357421875 0.0263671875 0.025390625
4 0.29248046875 0.38232421875 0.0322265625 0.0537109375
4 0.7373046875 0.28466796875 0.046875 0.0322265625
4 0.74609375 0.32666015625 0.041015625 0.0263671875
4 0.79150390625 0.3505859375 0.0322265625 0.0234375
4 0.82568359375 0.34326171875 0.0322265625 0.0517578125
4 0.8505859375 0.345703125 0.02734375 0.0546875
4 0.97412109375 0.33837890625 0.0361328125 0.0302734375
4 0.8857421875 0.35986328125 0.037109375 0.0244140625
4 0.7197265625 0.2412109375 0.041015625 0.03125
4 0.96044921875 0.419921875 0.0400390625 0.03125
4 0.970703125 0.50439453125 0.03125 0.0439453125
4 0.9853515625 0.61083984375 0.029296875 0.0302734375
4 0.98828125 0.65869140625 0.0234375 0.0302734375
5 0.16259765625 0.61083984375 0.0966796875 0.0478515625
4 0.681640625 0.50537109375 0.01953125 0.0400390625
4 0.1484375 0.48095703125 0.03515625 0.0244140625
4 0.01123046875 0.45068359375 0.0205078125 0.0263671875
4 0.0146484375 0.47265625 0.02734375 0.025390625
4 0.01953125 0.51416015625 0.037109375 0.0263671875
4 0.009765625 0.58935546875 0.017578125 0.0244140625
4 0.08349609375 0.4296875 0.0419921875 0.02734375
4 0.10546875 0.4912109375 0.041015625 0.02734375
4 0.1591796875 0.51953125 0.041015625 0.029296875
4 0.59326171875 0.38671875 0.0361328125 0.017578125
4 0.7431640625 0.35546875 0.044921875 0.0234375
4 0.7265625 0.498046875 0.01953125 0.03515625
4 0.08984375 0.45068359375 0.0390625 0.0263671875
4 0.76708984375 0.49609375 0.0205078125 0.037109375
4 0.6962890625 0.580078125 0.021484375 0.044921875
4 0.70556640625 0.49951171875 0.0224609375 0.0419921875
4 0.7470703125 0.4970703125 0.017578125 0.037109375
4 0.7890625 0.5 0.0234375 0.04296875
4 0.73828125 0.5751953125 0.021484375 0.037109375
4 0.7578125 0.57373046875 0.01953125 0.0361328125
4 0.79736328125 0.5703125 0.0205078125 0.037109375
4 0.89111328125 0.60986328125 0.0224609375 0.0341796875
4 0.31884765625 0.39208984375 0.0224609375 0.0361328125
4 0.3486328125 0.3779296875 0.0234375 0.03515625
4 0.13916015625 0.46142578125 0.0380859375 0.0263671875
4 0.09912109375 0.47119140625 0.0439453125 0.0263671875
4 0.39794921875 0.36767578125 0.0185546875 0.0322265625
5 0.423828125 0.57568359375 0.05078125 0.0986328125
5 0.1640625 0.63916015625 0.09375 0.0498046875
5 0.33642578125 0.95849609375 0.1025390625 0.0341796875
5 0.4599609375 0.94873046875 0.1015625 0.0380859375
5 0.5634765625 0.93603515625 0.095703125 0.0361328125
5 0.66162109375 0.9248046875 0.0966796875 0.03515625
5 0.759765625 0.90283203125 0.095703125 0.0615234375
5 0.8896484375 0.86865234375 0.041015625 0.0927734375
5 0.3779296875 0.58251953125 0.052734375 0.0927734375
5 0.494140625 0.56005859375 0.03125 0.0927734375
4 0.1064453125 0.513671875 0.03515625 0.0234375
5 0.42431640625 0.45751953125 0.0791015625 0.0908203125
5 0.54736328125 0.43994140625 0.0927734375 0.0341796875
5 0.69775390625 0.43359375 0.0927734375 0.03125
4 0.00634765625 0.5693359375 0.0107421875 0.029296875
4 0.03125 0.556640625 0.041015625 0.02734375
4 0.02587890625 0.53564453125 0.0400390625 0.0283203125
4 0.015625 0.4951171875 0.029296875 0.025390625
4 0.37548828125 0.36962890625 0.0244140625 0.0341796875
4 0.80419921875 0.69287109375 0.0419921875 0.0205078125
4 0.8115234375 0.73828125 0.041015625 0.01953125
4 0.80322265625 0.712890625 0.0419921875 0.01953125
4 0.80419921875 0.669921875 0.0439453125 0.01953125
5 0.94873046875 0.86279296875 0.0400390625 0.0986328125
