5 0.95556640625 0.43603515625 0.0888671875 0.0478515625
5 0.9599609375 0.4052734375 0.080078125 0.044921875
5 0.96630859375 0.09375 0.0673828125 0.044921875
5 0.9833984375 0.11572265625 0.033203125 0.0419921875
5 0.87890625 0.1142578125 0.09375 0.0390625
4 0.96533203125 0.2451171875 0.0439453125 0.025390625
4 0.95751953125 0.2236328125 0.0361328125 0.021484375
4 0.9736328125 0.26611328125 0.044921875 0.0283203125
4 0.9755859375 0.31005859375 0.04296875 0.0263671875
4 0.9765625 0.28759765625 0.0390625 0.0244140625
5 0.81982421875 0.0283203125 0.1044921875 0.0546875
4 0.990234375 0.21044921875 0.01953125 0.0263671875
4 0.9931640625 0.232421875 0.013671875 0.025390625
4 0.9775390625 0.28662109375 0.0390625 0.0244140625
4 0.9990234375 0.27392578125 0.001953125 0.0263671875
4 0.98876953125 0.34912109375 0.0224609375 0.0244140625
4 0.95751953125 0.22412109375 0.0380859375 0.0244140625
4 0.9658203125 0.24609375 0.04296875 0.025390625
4 0.97314453125 0.26611328125 0.0458984375 0.0302734375
4 0.9755859375 0.30908203125 0.04296875 0.0283203125
4 0.982421875 0.3291015625 0.03515625 0.029296875
4 0.99658203125 0.2548828125 0.0068359375 0.025390625
