4 0.958984375 0.1279296875 0.04296875 0.041015625
4 0.98876953125 0.1005859375 0.0224609375 0.0390625
4 0.853515625 0.10693359375 0.029296875 0.0400390625
4 0.87255859375 0.09814453125 0.0341796875 0.0419921875
4 0.88232421875 0.13232421875 0.0419921875 0.0361328125
4 0.9228515625 0.16259765625 0.048828125 0.0439453125
4 0.9501953125 0.1826171875 0.0390625 0.04296875
4 0.921875 0.095703125 0.04296875 0.037109375
4 0.95751953125 0.06884765625 0.0400390625 0.0380859375
4 0.95947265625 0.12744140625 0.0419921875 0.0400390625
4 0.95703125 0.068359375 0.0390625 0.0390625
4 0.94970703125 0.18310546875 0.0380859375 0.0439453125
4 0.9873046875 0.04248046875 0.025390625 0.0361328125
5 0.98583984375 0.65087890625 0.0283203125 0.1220703125
5 0.53173828125 0.7919921875 0.0849609375 0.107421875
5 0.6171875 0.77001953125 0.138671875 0.1201171875
5 0.646484375 0.74609375 0.111328125 0.1015625
5 0.77197265625 0.70947265625 0.1396484375 0.1220703125
5 0.7734375 0.93994140625 0.15234375 0.0830078125
5 0.91552734375 0.8818359375 0.1494140625 0.0859375
4 0.71630859375 0.59375 0.0380859375 0.04296875
4 0.5341796875 0.947265625 0.041015625 0.03515625
4 0.55029296875 0.9677734375 0.0439453125 0.037109375
4 0.98291015625 0.15185546875 0.0283203125 0.0517578125
4 0.99609375 0.13525390625 0.0078125 0.0458984375
4 0.9658203125 0.17041015625 0.03125 0.0458984375
4 0.39111328125 0.3017578125 0.0341796875 0.041015625
