4 0.45068359375 0.1142578125 0.0302734375 0.04296875
4 0.349609375 0.15234375 0.029296875 0.0390625
5 0.89013671875 0.70166015625 0.0712890625 0.0322265625
5 0.9052734375 0.80419921875 0.0390625 0.0634765625
5 0.9375 0.796875 0.03515625 0.060546875
5 0.96728515625 0.78125 0.0341796875 0.05859375
5 0.92724609375 0.73779296875 0.0615234375 0.0341796875
5 0.89306640625 0.00830078125 0.1240234375 0.0146484375
4 0.4306640625 0.1220703125 0.029296875 0.041015625
4 0.32666015625 0.15869140625 0.0283203125 0.0400390625
4 0.42529296875 0.32080078125 0.0380859375 0.0556640625
5 0.1904296875 0.080078125 0.1484375 0.091796875
5 0.01318359375 0.833984375 0.0244140625 0.044921875
5 0.03173828125 0.85595703125 0.0615234375 0.0419921875
5 0.1748046875 0.7138671875 0.08984375 0.078125
5 0.16943359375 0.85888671875 0.0498046875 0.0947265625
5 0.2333984375 0.8525390625 0.04296875 0.095703125
5 0.20458984375 0.861328125 0.0419921875 0.091796875
5 0.8310546875 0.7822265625 0.076171875 0.044921875
5 0.830078125 0.75244140625 0.072265625 0.0439453125
5 0.82275390625 0.72607421875 0.0712890625 0.0400390625
4 0.48486328125 0.83837890625 0.0244140625 0.0380859375
5 0.541015625 0.12109375 0.12890625 0.07421875
4 0.197265625 0.4169921875 0.048828125 0.03515625
4 0.2197265625 0.478515625 0.0390625 0.02734375
4 0.228515625 0.53125 0.0390625 0.025390625
4 0.30810546875 0.853515625 0.0244140625 0.03515625
4 0.3193359375 0.89013671875 0.025390625 0.0361328125
4 0.34912109375 0.8779296875 0.0224609375 0.03515625
4 0.3759765625 0.8681640625 0.021484375 0.037109375
4 0.3974609375 0.86767578125 0.01953125 0.0341796875
4 0.41748046875 0.85693359375 0.0263671875 0.0361328125
4 0.93212890625 0.85986328125 0.0419921875 0.0322265625
5 0.09619140625 0.56787109375 0.1025390625 0.1474609375
5 0.177734375 0.52197265625 0.107421875 0.1494140625
5 0.1083984375 0.32666015625 0.130859375 0.1357421875
5 0.0537109375 0.15087890625 0.10546875 0.1220703125
4 0.59765625 0.77734375 0.03125 0.05078125
4 0.93212890625 0.86083984375 0.0400390625 0.0302734375
4 0.53173828125 0.2197265625 0.0498046875 0.037109375
4 0.62255859375 0.18310546875 0.0400390625 0.0322265625
4 0.29248046875 0.88232421875 0.0322265625 0.0537109375
4 0.7373046875 0.78466796875 0.046875 0.0322265625
4 0.74609375 0.82666015625 0.041015625 0.0263671875
4 0.79150390625 0.8505859375 0.0322265625 0.0234375
4 0.82568359375 0.84326171875 0.0322265625 0.0517578125
4 0.8505859375 0.845703125 0.02734375 0.0546875
4 0.97412109375 0.83837890625 0.0361328125 0.0302734375
4 0.8857421875 0.85986328125 0.037109375 0.0244140625
4 0.7197265625 0.7412109375 0.041015625 0.03125
4 0.96044921875 0.919921875 0.0400390625 0.03125
4 0.970703125 0.9912109375 0.03125 0.017578125
4 0.83740234375 0.109375 0.0419921875 0.06640625
4 0.681640625 0.99267578125 0.01953125 0.0146484375
4 0.1484375 0.98095703125 0.03515625 0.0244140625
4 0.01123046875 0.95068359375 0.0205078125 0.0263671875
4 0.0146484375 0.97265625 0.02734375 0.025390625
4 0.08349609375 0.9296875 0.0419921875 0.02734375
4 0.10546875 0.98876953125 0.041015625 0.0224609375
4 0.59326171875 0.88671875 0.0361328125 0.017578125
4 0.7431640625 0.85546875 0.044921875 0.0234375
4 0.7265625 0.990234375 0.01953125 0.01953125
4 0.08984375 0.95068359375 0.0390625 0.0263671875
4 0.76708984375 0.98876953125 0.0205078125 0.0224609375
4 0.70556640625 0.9892578125 0.0224609375 0.021484375
4 0.7470703125 0.9892578125 0.017578125 0.021484375
4 0.7890625 0.9892578125 0.0234375 0.021484375
4 0.31884765625 0.89208984375 0.0224609375 0.0361328125
4 0.3486328125 0.8779296875 0.0234375 0.03515625
4 0.13916015625 0.96142578125 0.0380859375 0.0263671875
4 0.09912109375 0.97119140625 0.0439453125 0.0263671875
4 0.39794921875 0.86767578125 0.0185546875 0.0322265625
5 0.42431640625 0.9560546875 0.0791015625 0.087890625
5 0.54736328125 0.93994140625 0.0927734375 0.0341796875
5 0.69775390625 0.93359375 0.0927734375 0.03125
4 0.015625 0.9912109375 0.029296875 0.017578125
4 0.37548828125 0.86962890625 0.0244140625 0.0341796875
