5 0.93359375 0.6669921875 0.1015625 0.146484375
5 0.96630859375 0.833984375 0.0673828125 0.044921875
5 0.9833984375 0.85595703125 0.033203125 0.0419921875
5 0.87890625 0.8544921875 0.09375 0.0390625
4 0.96533203125 0.9853515625 0.0439453125 0.025390625
4 0.95751953125 0.9638671875 0.0361328125 0.021484375
4 0.9736328125 0.99609375 0.044921875 0.0078125
5 0.98583984375 0.15087890625 0.0283203125 0.1220703125
5 0.53173828125 0.2919921875 0.0849609375 0.107421875
5 0.6171875 0.27001953125 0.138671875 0.1201171875
5 0.646484375 0.24609375 0.111328125 0.1015625
5 0.77197265625 0.20947265625 0.1396484375 0.1220703125
5 0.7734375 0.43994140625 0.15234375 0.0830078125
5 0.91552734375 0.3818359375 0.1494140625 0.0859375
5 0.81982421875 0.72216796875 0.1044921875 0.1474609375
4 0.71630859375 0.09375 0.0380859375 0.04296875
4 0.5341796875 0.447265625 0.041015625 0.03515625
4 0.55029296875 0.4677734375 0.0439453125 0.037109375
5 0.89697265625 0.5732421875 0.1552734375 0.09765625
4 0.990234375 0.95068359375 0.01953125 0.0263671875
4 0.9931640625 0.97265625 0.013671875 0.025390625
4 0.95751953125 0.96435546875 0.0380859375 0.0244140625
4 0.9658203125 0.986328125 0.04296875 0.025390625
4 0.97314453125 0.99560546875 0.0458984375 0.0087890625
4 0.99658203125 0.9912109375 0.0068359375 0.017578125
