5 0.21142578125 0.65576171875 0.0322265625 0.0771484375
4 0.671875 0.03173828125 0.033203125 0.0439453125
4 0.66650390625 0.07470703125 0.0322265625 0.0478515625
4 0.71044921875 0.06201171875 0.0341796875 0.0439453125
4 0.7685546875 0.14013671875 0.033203125 0.0458984375
4 0.67041015625 0.162109375 0.0302734375 0.048828125
4 0.81201171875 0.0107421875 0.0361328125 0.01953125
4 0.75830078125 0.0146484375 0.0380859375 0.02734375
4 0.8154296875 0.12890625 0.03125 0.044921875
4 0.69140625 0.021484375 0.03515625 0.041015625
4 0.71484375 0.02001953125 0.03125 0.0380859375
4 0.69091796875 0.072265625 0.0322265625 0.046875
4 0.6552734375 0.115234375 0.03125 0.05078125
4 0.681640625 0.1181640625 0.029296875 0.046875
4 0.6962890625 0.158203125 0.02734375 0.041015625
4 0.72021484375 0.15283203125 0.0302734375 0.0439453125
4 0.74267578125 0.1455078125 0.0302734375 0.046875
4 0.79248046875 0.13330078125 0.0322265625 0.0478515625
4 0.81640625 0.080078125 0.03125 0.048828125
4 0.03466796875 0.68310546875 0.0498046875 0.0419921875
4 0.15478515625 0.39404296875 0.0322265625 0.0537109375
4 0.19384765625 0.4248046875 0.0341796875 0.05078125
4 0.9658203125 0.77978515625 0.017578125 0.0419921875
4 0.9619140625 0.73193359375 0.044921875 0.0224609375
4 0.95068359375 0.67333984375 0.0615234375 0.0283203125
4 0.88232421875 0.6796875 0.0419921875 0.01953125
4 0.99951171875 0.6640625 0.0009765625 0.0234375
4 0.9072265625 0.84326171875 0.021484375 0.0400390625
4 0.0830078125 0.85693359375 0.04296875 0.0283203125
4 0.9013671875 0.7412109375 0.046875 0.0234375
4 0.83984375 0.75 0.06640625 0.02734375
4 0.07861328125 0.90283203125 0.0419921875 0.0322265625
4 0.79931640625 0.03564453125 0.0341796875 0.0498046875
4 0.79736328125 0.0869140625 0.0302734375 0.044921875
4 0.77783203125 0.00927734375 0.0322265625 0.0166015625
4 0.70556640625 0.11328125 0.0302734375 0.04296875
4 0.7275390625 0.10205078125 0.029296875 0.0458984375
4 0.75146484375 0.0986328125 0.0302734375 0.044921875
4 0.73388671875 0.056640625 0.0341796875 0.046875
4 0.734375 0.01611328125 0.03515625 0.0302734375
4 0.75341796875 0.04638671875 0.0322265625 0.0439453125
4 0.7734375 0.08935546875 0.033203125 0.0478515625
4 0.77978515625 0.0458984375 0.0361328125 0.046875
4 0.76416015625 0.76806640625 0.0380859375 0.0166015625
4 0.49169921875 0.70556640625 0.0205078125 0.0380859375
4 0.76806640625 0.79541015625 0.0419921875 0.0205078125
4 0.64404296875 0.7783203125 0.0556640625 0.0234375
4 0.59228515625 0.78369140625 0.0400390625 0.0185546875
4 0.65771484375 0.8046875 0.0498046875 0.02734375
4 0.69287109375 0.658203125 0.0263671875 0.0546875
4 0.6572265625 0.6357421875 0.029296875 0.044921875
4 0.32666015625 0.81298828125 0.0400390625 0.0205078125
4 0.3330078125 0.86328125 0.041015625 0.017578125
4 0.37109375 0.80712890625 0.037109375 0.0205078125
4 0.4033203125 0.71142578125 0.021484375 0.0419921875
4 0.46630859375 0.705078125 0.0224609375 0.037109375
5 0.89697265625 0.9912109375 0.0380859375 0.017578125
5 0.8681640625 0.9951171875 0.029296875 0.009765625
5 0.927734375 0.99365234375 0.033203125 0.0126953125
5 0.8505859375 0.92919921875 0.05859375 0.0283203125
5 0.9345703125 0.92333984375 0.0703125 0.0322265625
4 0.078125 0.90234375 0.04296875 0.033203125
4 0.08203125 0.8583984375 0.041015625 0.025390625
4 0.33349609375 0.86376953125 0.0400390625 0.0185546875
4 0.83740234375 0.03564453125 0.0419921875 0.0458984375
4 0.8525390625 0.00927734375 0.046875 0.0166015625
4 0.865234375 0.0166015625 0.04296875 0.03125
4 0.8740234375 0.0302734375 0.05078125 0.041015625
4 0.837890625 0.0712890625 0.037109375 0.048828125
4 0.58251953125 0.00830078125 0.0361328125 0.0146484375
4 0.8623046875 0.072265625 0.037109375 0.04296875
4 0.857421875 0.11474609375 0.03515625 0.0478515625
4 0.8359375 0.12158203125 0.03125 0.0478515625
4 0.880859375 0.10888671875 0.033203125 0.0419921875
4 0.9189453125 0.0947265625 0.046875 0.0390625
4 0.8974609375 0.0703125 0.0390625 0.033203125
4 0.88427734375 0.048828125 0.0458984375 0.037109375
5 0.55712890625 0.9990234375 0.0654296875 0.001953125
