5 0.95556640625 0.67626953125 0.0888671875 0.0478515625
5 0.9599609375 0.6455078125 0.080078125 0.044921875
5 0.93359375 0.1669921875 0.1015625 0.146484375
5 0.96630859375 0.333984375 0.0673828125 0.044921875
5 0.9833984375 0.35595703125 0.033203125 0.0419921875
5 0.87890625 0.3544921875 0.09375 0.0390625
4 0.96533203125 0.4853515625 0.0439453125 0.025390625
4 0.95751953125 0.4638671875 0.0361328125 0.021484375
4 0.9736328125 0.50634765625 0.044921875 0.0283203125
4 0.9755859375 0.55029296875 0.04296875 0.0263671875
4 0.9765625 0.52783203125 0.0390625 0.0244140625
5 0.81982421875 0.22216796875 0.1044921875 0.1474609375
5 0.89697265625 0.0732421875 0.1552734375 0.09765625
4 0.990234375 0.45068359375 0.01953125 0.0263671875
4 0.9931640625 0.47265625 0.013671875 0.025390625
4 0.9775390625 0.52685546875 0.0390625 0.0244140625
4 0.9990234375 0.51416015625 0.001953125 0.0263671875
4 0.98876953125 0.58935546875 0.0224609375 0.0244140625
4 0.95751953125 0.46435546875 0.0380859375 0.0244140625
4 0.9658203125 0.486328125 0.04296875 0.025390625
4 0.97314453125 0.50634765625 0.0458984375 0.0302734375
4 0.9755859375 0.54931640625 0.04296875 0.0283203125
4 0.982421875 0.5693359375 0.03515625 0.029296875
4 0.99658203125 0.4951171875 0.0068359375 0.025390625
