5 0.89306640625 0.97314453125 0.1240234375 0.0537109375
4 0.1806640625 0.47705078125 0.041015625 0.0380859375
4 0.3056640625 0.30810546875 0.041015625 0.0400390625
4 0.35302734375 0.2587890625 0.0439453125 0.04296875
4 0.4345703125 0.2109375 0.041015625 0.037109375
4 0.470703125 0.17822265625 0.046875 0.0439453125
4 0.51806640625 0.21728515625 0.0439453125 0.0400390625
4 0.6220703125 0.06396484375 0.04296875 0.0400390625
4 0.65673828125 0.0380859375 0.0380859375 0.033203125
4 0.00927734375 0.6005859375 0.0166015625 0.0390625
4 0.03759765625 0.5703125 0.0419921875 0.041015625
4 0.13671875 0.50537109375 0.046875 0.0419921875
4 0.2138671875 0.45458984375 0.041015625 0.0380859375
4 0.12158203125 0.4462890625 0.0498046875 0.046875
4 0.24951171875 0.43017578125 0.0419921875 0.0361328125
4 0.19775390625 0.38916015625 0.0419921875 0.0380859375
4 0.232421875 0.36083984375 0.0390625 0.0361328125
4 0.26708984375 0.33740234375 0.0439453125 0.0400390625
4 0.3701171875 0.3291015625 0.046875 0.04296875
4 0.40771484375 0.2958984375 0.0478515625 0.044921875
5 0.85693359375 0.6806640625 0.0908203125 0.078125
4 0.1630859375 0.41357421875 0.04296875 0.0400390625
4 0.072265625 0.482421875 0.044921875 0.041015625
5 0.4755859375 0.86767578125 0.083984375 0.0771484375
5 0.83935546875 0.6513671875 0.0693359375 0.060546875
5 0.4501953125 0.8388671875 0.076171875 0.064453125
4 0.03076171875 0.5166015625 0.0419921875 0.0390625
5 0.42626953125 0.81298828125 0.0712890625 0.0556640625
5 0.4130859375 0.7890625 0.068359375 0.056640625
5 0.4267578125 0.74560546875 0.076171875 0.0673828125
5 0.404296875 0.72119140625 0.080078125 0.0712890625
5 0.439453125 0.58203125 0.05078125 0.05859375
5 0.39111328125 0.6103515625 0.0458984375 0.052734375
5 0.67578125 0.11328125 0.078125 0.068359375
5 0.7529296875 0.0576171875 0.064453125 0.060546875
4 0.0087890625 0.54248046875 0.015625 0.0361328125
4 0.1513671875 0.53564453125 0.037109375 0.0322265625
4 0.0615234375 0.59228515625 0.0234375 0.0439453125
4 0.0458984375 0.61181640625 0.0234375 0.0458984375
4 0.02783203125 0.6240234375 0.0224609375 0.041015625
4 0.01171875 0.63525390625 0.021484375 0.0458984375
4 0.55419921875 0.11962890625 0.0361328125 0.0341796875
