5 0.39013671875 0.20166015625 0.0712890625 0.0322265625
5 0.4052734375 0.30419921875 0.0390625 0.0634765625
5 0.4375 0.296875 0.03515625 0.060546875
5 0.46728515625 0.28125 0.0341796875 0.05859375
5 0.42724609375 0.23779296875 0.0615234375 0.0341796875
5 0.71142578125 0.15576171875 0.0322265625 0.0771484375
5 0.3310546875 0.2822265625 0.076171875 0.044921875
5 0.330078125 0.25244140625 0.072265625 0.0439453125
5 0.32275390625 0.22607421875 0.0712890625 0.0400390625
4 0.53466796875 0.18310546875 0.0498046875 0.0419921875
4 0.5830078125 0.35693359375 0.04296875 0.0283203125
4 0.43212890625 0.35986328125 0.0419921875 0.0322265625
4 0.57861328125 0.40283203125 0.0419921875 0.0322265625
4 0.99072265625 0.20556640625 0.0185546875 0.0380859375
4 0.82666015625 0.31298828125 0.0400390625 0.0205078125
4 0.8330078125 0.36328125 0.041015625 0.017578125
4 0.87109375 0.30712890625 0.037109375 0.0205078125
4 0.9033203125 0.21142578125 0.021484375 0.0419921875
4 0.96630859375 0.205078125 0.0224609375 0.037109375
4 0.09765625 0.27734375 0.03125 0.05078125
4 0.43212890625 0.36083984375 0.0400390625 0.0302734375
4 0.578125 0.40234375 0.04296875 0.033203125
4 0.58203125 0.3583984375 0.041015625 0.025390625
4 0.83349609375 0.36376953125 0.0400390625 0.0185546875
4 0.39111328125 0.60888671875 0.0244140625 0.0361328125
4 0.49365234375 0.6357421875 0.0400390625 0.025390625
5 0.59521484375 0.8388671875 0.0966796875 0.03515625
4 0.2373046875 0.28466796875 0.046875 0.0322265625
4 0.24609375 0.32666015625 0.041015625 0.0263671875
4 0.29150390625 0.3505859375 0.0322265625 0.0234375
4 0.32568359375 0.34326171875 0.0322265625 0.0517578125
4 0.3505859375 0.345703125 0.02734375 0.0546875
4 0.47412109375 0.33837890625 0.0361328125 0.0302734375
4 0.3857421875 0.35986328125 0.037109375 0.0244140625
4 0.2197265625 0.2412109375 0.041015625 0.03125
4 0.46044921875 0.419921875 0.0400390625 0.03125
4 0.470703125 0.50439453125 0.03125 0.0439453125
4 0.49267578125 0.61083984375 0.0439453125 0.0302734375
4 0.49658203125 0.65869140625 0.0400390625 0.0302734375
5 0.99755859375 0.76953125 0.0048828125 0.1015625
5 0.6806640625 0.8291015625 0.08203125 0.037109375
4 0.181640625 0.50537109375 0.01953125 0.0400390625
4 0.09326171875 0.38671875 0.0361328125 0.017578125
4 0.2431640625 0.35546875 0.044921875 0.0234375
4 0.2265625 0.498046875 0.01953125 0.03515625
4 0.26708984375 0.49609375 0.0205078125 0.037109375
4 0.1962890625 0.580078125 0.021484375 0.044921875
4 0.20556640625 0.49951171875 0.0224609375 0.0419921875
4 0.2470703125 0.4970703125 0.017578125 0.037109375
4 0.2890625 0.5 0.0234375 0.04296875
4 0.23828125 0.5751953125 0.021484375 0.037109375
4 0.2578125 0.57373046875 0.01953125 0.0361328125
4 0.29736328125 0.5703125 0.0205078125 0.037109375
4 0.39111328125 0.60986328125 0.0224609375 0.0341796875
5 0.005859375 0.94873046875 0.009765625 0.0380859375
5 0.0634765625 0.93603515625 0.095703125 0.0361328125
5 0.16162109375 0.9248046875 0.0966796875 0.03515625
5 0.259765625 0.90283203125 0.095703125 0.0615234375
5 0.3896484375 0.86865234375 0.041015625 0.0927734375
5 0.00537109375 0.56005859375 0.0087890625 0.0927734375
5 0.04736328125 0.43994140625 0.0927734375 0.0341796875
5 0.19775390625 0.43359375 0.0927734375 0.03125
4 0.30419921875 0.69287109375 0.0419921875 0.0205078125
5 0.7568359375 0.81982421875 0.0703125 0.0322265625
5 0.84619140625 0.71630859375 0.0927734375 0.0380859375
5 0.8310546875 0.66064453125 0.091796875 0.0380859375
5 0.7314453125 0.67529296875 0.11328125 0.0439453125
5 0.63671875 0.68701171875 0.0859375 0.0380859375
5 0.5654296875 0.69775390625 0.056640625 0.0361328125
5 0.59423828125 0.72509765625 0.1025390625 0.0419921875
5 0.701171875 0.70849609375 0.111328125 0.0439453125
5 0.79248046875 0.69482421875 0.0810546875 0.0380859375
5 0.869140625 0.68212890625 0.068359375 0.0341796875
5 0.91845703125 0.64794921875 0.0869140625 0.0302734375
5 0.9658203125 0.72802734375 0.068359375 0.0302734375
5 0.90673828125 0.73583984375 0.0634765625 0.0341796875
5 0.7548828125 0.72802734375 0.08984375 0.0380859375
5 0.99658203125 0.6923828125 0.0068359375 0.037109375
5 0.67138671875 0.73974609375 0.0791015625 0.0400390625
5 0.5869140625 0.75390625 0.099609375 0.0390625
5 0.82861328125 0.74658203125 0.0966796875 0.0361328125
5 0.669921875 0.77197265625 0.099609375 0.0419921875
5 0.58349609375 0.78271484375 0.0791015625 0.0361328125
5 0.921875 0.76513671875 0.0859375 0.0380859375
5 0.83349609375 0.7783203125 0.0888671875 0.03515625
5 0.693359375 0.79833984375 0.08203125 0.0361328125
5 0.5947265625 0.810546875 0.09375 0.037109375
5 0.82080078125 0.8115234375 0.0615234375 0.033203125
5 0.88916015625 0.802734375 0.0634765625 0.037109375
5 0.94140625 0.703125 0.09765625 0.037109375
5 0.9619140625 0.67138671875 0.076171875 0.0341796875
4 0.3115234375 0.73828125 0.041015625 0.01953125
5 0.55859375 0.58203125 0.078125 0.0390625
4 0.30322265625 0.712890625 0.0419921875 0.01953125
4 0.30419921875 0.669921875 0.0439453125 0.01953125
5 0.44873046875 0.86279296875 0.0400390625 0.0986328125
5 0.52978515625 0.84912109375 0.0302734375 0.0947265625
5 0.99560546875 0.6357421875 0.0087890625 0.037109375
5 0.63330078125 0.6279296875 0.0947265625 0.04296875
5 0.68408203125 0.5908203125 0.0693359375 0.033203125
5 0.771484375 0.5810546875 0.08203125 0.03515625
5 0.9033203125 0.56298828125 0.078125 0.0380859375
5 0.97802734375 0.57958984375 0.0439453125 0.0322265625
5 0.77880859375 0.60693359375 0.0810546875 0.0361328125
5 0.57470703125 0.66796875 0.0771484375 0.03515625
5 0.65576171875 0.65576171875 0.0908203125 0.0380859375
5 0.97314453125 0.607421875 0.0537109375 0.037109375
