4 0.66845703125 0.95556640625 0.0458984375 0.0380859375
4 0.81201171875 0.98876953125 0.0361328125 0.0224609375
4 0.75830078125 0.9892578125 0.0380859375 0.021484375
4 0.69140625 0.99560546875 0.03515625 0.0087890625
4 0.71484375 0.99609375 0.03125 0.0078125
4 0.77783203125 0.98486328125 0.0322265625 0.0302734375
4 0.73876953125 0.96435546875 0.0458984375 0.0361328125
4 0.7822265625 0.96435546875 0.04296875 0.0458984375
4 0.734375 0.9912109375 0.03515625 0.017578125
4 0.330078125 0.34326171875 0.037109375 0.0341796875
4 0.35498046875 0.37939453125 0.0341796875 0.0322265625
4 0.38330078125 0.42236328125 0.0380859375 0.0341796875
4 0.4287109375 0.4853515625 0.04296875 0.0390625
4 0.40380859375 0.451171875 0.0400390625 0.033203125
4 0.74755859375 0.01953125 0.0361328125 0.037109375
4 0.79052734375 0.91015625 0.0458984375 0.03515625
4 0.740234375 0.97021484375 0.04296875 0.0263671875
4 0.78515625 0.06201171875 0.037109375 0.0439453125
4 0.85498046875 0.1552734375 0.0361328125 0.041015625
4 0.90478515625 0.03857421875 0.0419921875 0.0380859375
4 0.92919921875 0.34423828125 0.0419921875 0.0439453125
4 0.82373046875 0.1181640625 0.0361328125 0.041015625
4 0.80419921875 0.9287109375 0.0419921875 0.037109375
4 0.7900390625 0.91015625 0.046875 0.0390625
4 0.7109375 0.86865234375 0.033203125 0.0380859375
4 0.7822265625 0.9658203125 0.037109375 0.0390625
4 0.69482421875 0.88818359375 0.0380859375 0.0439453125
4 0.77587890625 0.12939453125 0.0400390625 0.0380859375
4 0.6572265625 0.728515625 0.046875 0.0390625
4 0.8232421875 0.11767578125 0.037109375 0.0400390625
4 0.74755859375 0.0810546875 0.0419921875 0.044921875
4 0.7841796875 0.06201171875 0.0390625 0.0419921875
4 0.70849609375 0.6474609375 0.0400390625 0.04296875
4 0.6318359375 0.6943359375 0.048828125 0.041015625
4 0.69677734375 0.77978515625 0.0439453125 0.0380859375
4 0.60693359375 0.72265625 0.0400390625 0.046875
4 0.65185546875 0.86376953125 0.0341796875 0.0400390625
4 0.66943359375 0.95556640625 0.0419921875 0.0380859375
4 0.80419921875 0.92822265625 0.0419921875 0.0361328125
4 0.64404296875 0.7109375 0.0458984375 0.0390625
4 0.66943359375 0.74609375 0.0478515625 0.0390625
4 0.6748046875 0.90234375 0.037109375 0.044921875
4 0.6826171875 0.76318359375 0.044921875 0.0361328125
4 0.63330078125 0.759765625 0.0380859375 0.04296875
4 0.5615234375 0.6982421875 0.0390625 0.046875
4 0.541015625 0.7138671875 0.041015625 0.046875
4 0.568359375 0.74951171875 0.0390625 0.0458984375
4 0.5869140625 0.73583984375 0.0390625 0.0419921875
4 0.61474609375 0.7734375 0.0419921875 0.046875
4 0.525390625 0.728515625 0.041015625 0.046875
4 0.64208984375 0.8095703125 0.0380859375 0.044921875
4 0.62451171875 0.822265625 0.0361328125 0.04296875
4 0.66943359375 0.849609375 0.0380859375 0.04296875
4 0.2802734375 0.2919921875 0.0390625 0.03515625
4 0.30908203125 0.3212890625 0.0439453125 0.04296875
4 0.18701171875 0.32568359375 0.0380859375 0.0322265625
4 0.21337890625 0.35546875 0.0380859375 0.037109375
4 0.22900390625 0.375 0.0400390625 0.0390625
4 0.28125 0.447265625 0.044921875 0.037109375
4 0.32421875 0.50927734375 0.044921875 0.0419921875
4 0.83984375 0.9755859375 0.04296875 0.041015625
4 0.8525390625 0.98828125 0.046875 0.0234375
4 0.865234375 0.99755859375 0.04296875 0.0048828125
4 0.58251953125 0.97900390625 0.0361328125 0.0419921875
4 0.515625 0.78662109375 0.044921875 0.0517578125
4 0.541015625 0.85302734375 0.041015625 0.0322265625
4 0.5537109375 0.873046875 0.041015625 0.0390625
4 0.5673828125 0.89208984375 0.037109375 0.0341796875
