5 0.21142578125 0.15576171875 0.0322265625 0.0771484375
4 0.03466796875 0.18310546875 0.0498046875 0.0419921875
4 0.9658203125 0.27978515625 0.017578125 0.0419921875
4 0.9619140625 0.23193359375 0.044921875 0.0224609375
4 0.95068359375 0.17333984375 0.0615234375 0.0283203125
4 0.88232421875 0.1796875 0.0419921875 0.01953125
4 0.99951171875 0.1640625 0.0009765625 0.0234375
4 0.9072265625 0.34326171875 0.021484375 0.0400390625
4 0.0830078125 0.35693359375 0.04296875 0.0283203125
4 0.9013671875 0.2412109375 0.046875 0.0234375
4 0.83984375 0.25 0.06640625 0.02734375
4 0.07861328125 0.40283203125 0.0419921875 0.0322265625
4 0.76416015625 0.26806640625 0.0380859375 0.0166015625
4 0.49169921875 0.20556640625 0.0205078125 0.0380859375
4 0.76806640625 0.29541015625 0.0419921875 0.0205078125
4 0.64404296875 0.2783203125 0.0556640625 0.0234375
4 0.59228515625 0.28369140625 0.0400390625 0.0185546875
4 0.65771484375 0.3046875 0.0498046875 0.02734375
4 0.69287109375 0.158203125 0.0263671875 0.0546875
4 0.6572265625 0.1357421875 0.029296875 0.044921875
4 0.32666015625 0.31298828125 0.0400390625 0.0205078125
4 0.3330078125 0.36328125 0.041015625 0.017578125
4 0.37109375 0.30712890625 0.037109375 0.0205078125
4 0.4033203125 0.21142578125 0.021484375 0.0419921875
4 0.46630859375 0.205078125 0.0224609375 0.037109375
5 0.89697265625 0.5263671875 0.0380859375 0.087890625
5 0.84033203125 0.54248046875 0.0380859375 0.0791015625
5 0.8681640625 0.53125 0.029296875 0.08203125
5 0.927734375 0.53076171875 0.033203125 0.0869140625
5 0.8505859375 0.42919921875 0.05859375 0.0283203125
5 0.9345703125 0.42333984375 0.0703125 0.0322265625
5 0.99755859375 0.72412109375 0.0048828125 0.0615234375
5 0.7724609375 0.65283203125 0.060546875 0.0322265625
5 0.77880859375 0.72119140625 0.0302734375 0.0908203125
5 0.8369140625 0.6962890625 0.029296875 0.08984375
4 0.078125 0.40234375 0.04296875 0.033203125
4 0.08203125 0.3583984375 0.041015625 0.025390625
5 0.99365234375 0.65380859375 0.0126953125 0.0693359375
4 0.33349609375 0.36376953125 0.0400390625 0.0185546875
4 0.00732421875 0.6357421875 0.0126953125 0.025390625
5 0.869140625 0.69921875 0.033203125 0.08984375
5 0.900390625 0.70263671875 0.029296875 0.0634765625
5 0.09521484375 0.8388671875 0.0966796875 0.03515625
4 0.0078125 0.61083984375 0.013671875 0.0302734375
4 0.0087890625 0.65869140625 0.015625 0.0302734375
5 0.55224609375 0.76953125 0.1142578125 0.1015625
5 0.1806640625 0.8291015625 0.08203125 0.037109375
5 0.2568359375 0.81982421875 0.0703125 0.0322265625
5 0.34619140625 0.71630859375 0.0927734375 0.0380859375
5 0.3310546875 0.66064453125 0.091796875 0.0380859375
5 0.2314453125 0.67529296875 0.11328125 0.0439453125
5 0.13671875 0.68701171875 0.0859375 0.0380859375
5 0.0654296875 0.69775390625 0.056640625 0.0361328125
5 0.09423828125 0.72509765625 0.1025390625 0.0419921875
5 0.201171875 0.70849609375 0.111328125 0.0439453125
5 0.29248046875 0.69482421875 0.0810546875 0.0380859375
5 0.369140625 0.68212890625 0.068359375 0.0341796875
5 0.41845703125 0.64794921875 0.0869140625 0.0302734375
5 0.46826171875 0.72802734375 0.0732421875 0.0302734375
5 0.40673828125 0.73583984375 0.0634765625 0.0341796875
5 0.2548828125 0.72802734375 0.08984375 0.0380859375
5 0.533203125 0.6923828125 0.080078125 0.037109375
5 0.17138671875 0.73974609375 0.0791015625 0.0400390625
5 0.0869140625 0.75390625 0.099609375 0.0390625
5 0.32861328125 0.74658203125 0.0966796875 0.0361328125
5 0.169921875 0.77197265625 0.099609375 0.0419921875
5 0.08349609375 0.78271484375 0.0791015625 0.0361328125
5 0.421875 0.76513671875 0.0859375 0.0380859375
5 0.33349609375 0.7783203125 0.0888671875 0.03515625
5 0.193359375 0.79833984375 0.08203125 0.0361328125
5 0.0947265625 0.810546875 0.09375 0.037109375
5 0.32080078125 0.8115234375 0.0615234375 0.033203125
5 0.38916015625 0.802734375 0.0634765625 0.037109375
5 0.44140625 0.703125 0.09765625 0.037109375
5 0.4658203125 0.67138671875 0.083984375 0.0341796875
5 0.05859375 0.58203125 0.078125 0.0390625
5 0.02978515625 0.84912109375 0.0302734375 0.0947265625
5 0.55712890625 0.51318359375 0.0654296875 0.0302734375
5 0.53076171875 0.6357421875 0.0791015625 0.037109375
5 0.13330078125 0.6279296875 0.0947265625 0.04296875
5 0.18408203125 0.5908203125 0.0693359375 0.033203125
5 0.271484375 0.5810546875 0.08203125 0.03515625
5 0.4033203125 0.56298828125 0.078125 0.0380859375
5 0.6162109375 0.544921875 0.060546875 0.0546875
5 0.4970703125 0.57958984375 0.08203125 0.0322265625
5 0.27880859375 0.60693359375 0.0810546875 0.0361328125
5 0.07470703125 0.66796875 0.0771484375 0.03515625
5 0.15576171875 0.65576171875 0.0908203125 0.0380859375
5 0.48681640625 0.607421875 0.0810546875 0.037109375
5 0.5576171875 0.59765625 0.0546875 0.03125
