4 0.66845703125 0.45556640625 0.0458984375 0.0380859375
4 0.671875 0.53173828125 0.033203125 0.0439453125
4 0.66650390625 0.57470703125 0.0322265625 0.0478515625
4 0.71044921875 0.56201171875 0.0341796875 0.0439453125
4 0.7685546875 0.64013671875 0.033203125 0.0458984375
4 0.67041015625 0.662109375 0.0302734375 0.048828125
4 0.81201171875 0.4990234375 0.0361328125 0.04296875
4 0.75830078125 0.50341796875 0.0380859375 0.0498046875
4 0.8154296875 0.62890625 0.03125 0.044921875
4 0.69140625 0.5166015625 0.03515625 0.05078125
4 0.71484375 0.515625 0.03125 0.046875
4 0.69091796875 0.572265625 0.0322265625 0.046875
4 0.6552734375 0.615234375 0.03125 0.05078125
4 0.681640625 0.6181640625 0.029296875 0.046875
4 0.6962890625 0.658203125 0.02734375 0.041015625
4 0.72021484375 0.65283203125 0.0302734375 0.0439453125
4 0.74267578125 0.6455078125 0.0302734375 0.046875
4 0.79248046875 0.63330078125 0.0322265625 0.0478515625
4 0.81640625 0.580078125 0.03125 0.048828125
4 0.15478515625 0.89404296875 0.0322265625 0.0537109375
4 0.19384765625 0.9248046875 0.0341796875 0.05078125
4 0.79931640625 0.53564453125 0.0341796875 0.0498046875
4 0.79736328125 0.5869140625 0.0302734375 0.044921875
4 0.77783203125 0.49365234375 0.0322265625 0.0478515625
4 0.73876953125 0.46435546875 0.0458984375 0.0361328125
4 0.7822265625 0.46435546875 0.04296875 0.0458984375
4 0.70556640625 0.61328125 0.0302734375 0.04296875
4 0.7275390625 0.60205078125 0.029296875 0.0458984375
4 0.75146484375 0.5986328125 0.0302734375 0.044921875
4 0.73388671875 0.556640625 0.0341796875 0.046875
4 0.734375 0.5068359375 0.03515625 0.048828125
4 0.75341796875 0.54638671875 0.0322265625 0.0439453125
4 0.7734375 0.58935546875 0.033203125 0.0478515625
4 0.77978515625 0.5458984375 0.0361328125 0.046875
4 0.4287109375 0.0029296875 0.04296875 0.00390625
4 0.79052734375 0.41015625 0.0458984375 0.03515625
4 0.740234375 0.47021484375 0.04296875 0.0263671875
4 0.80419921875 0.4287109375 0.0419921875 0.037109375
4 0.7900390625 0.41015625 0.046875 0.0390625
4 0.7109375 0.36865234375 0.033203125 0.0380859375
4 0.7822265625 0.4658203125 0.037109375 0.0390625
4 0.69482421875 0.38818359375 0.0380859375 0.0439453125
4 0.6572265625 0.228515625 0.046875 0.0390625
4 0.70849609375 0.1474609375 0.0400390625 0.04296875
4 0.6318359375 0.1943359375 0.048828125 0.041015625
4 0.69677734375 0.27978515625 0.0439453125 0.0380859375
4 0.60693359375 0.22265625 0.0400390625 0.046875
4 0.65185546875 0.36376953125 0.0341796875 0.0400390625
4 0.66943359375 0.45556640625 0.0419921875 0.0380859375
4 0.80419921875 0.42822265625 0.0419921875 0.0361328125
4 0.64404296875 0.2109375 0.0458984375 0.0390625
4 0.66943359375 0.24609375 0.0478515625 0.0390625
4 0.6748046875 0.40234375 0.037109375 0.044921875
4 0.6826171875 0.26318359375 0.044921875 0.0361328125
4 0.63330078125 0.259765625 0.0380859375 0.04296875
4 0.5615234375 0.1982421875 0.0390625 0.046875
4 0.541015625 0.2138671875 0.041015625 0.046875
4 0.568359375 0.24951171875 0.0390625 0.0458984375
4 0.5869140625 0.23583984375 0.0390625 0.0419921875
4 0.61474609375 0.2734375 0.0419921875 0.046875
4 0.525390625 0.228515625 0.041015625 0.046875
4 0.64208984375 0.3095703125 0.0380859375 0.044921875
4 0.62451171875 0.322265625 0.0361328125 0.04296875
4 0.66943359375 0.349609375 0.0380859375 0.04296875
4 0.83740234375 0.53564453125 0.0419921875 0.0458984375
4 0.32421875 0.015625 0.044921875 0.029296875
4 0.83984375 0.4755859375 0.04296875 0.041015625
4 0.8525390625 0.4970703125 0.046875 0.041015625
4 0.865234375 0.513671875 0.04296875 0.037109375
4 0.8740234375 0.5302734375 0.05078125 0.041015625
4 0.837890625 0.5712890625 0.037109375 0.048828125
4 0.58251953125 0.48681640625 0.0361328125 0.0576171875
4 0.8623046875 0.572265625 0.037109375 0.04296875
4 0.857421875 0.61474609375 0.03515625 0.0478515625
4 0.8359375 0.62158203125 0.03125 0.0478515625
4 0.880859375 0.60888671875 0.033203125 0.0419921875
4 0.9189453125 0.5947265625 0.046875 0.0390625
4 0.8974609375 0.5703125 0.0390625 0.033203125
4 0.88427734375 0.548828125 0.0458984375 0.037109375
4 0.515625 0.28662109375 0.044921875 0.0517578125
4 0.541015625 0.35302734375 0.041015625 0.0322265625
4 0.5537109375 0.373046875 0.041015625 0.0390625
4 0.5673828125 0.39208984375 0.037109375 0.0341796875
