5 0.4052734375 0.06396484375 0.0390625 0.0634765625
5 0.4375 0.056640625 0.03515625 0.060546875
5 0.46728515625 0.041015625 0.0341796875 0.05859375
5 0.42724609375 0.0078125 0.0615234375 0.013671875
5 0.3310546875 0.0419921875 0.076171875 0.044921875
5 0.330078125 0.017578125 0.072265625 0.033203125
5 0.32275390625 0.00341796875 0.0712890625 0.0048828125
4 0.5830078125 0.11669921875 0.04296875 0.0283203125
4 0.43212890625 0.11962890625 0.0419921875 0.0322265625
4 0.57861328125 0.16259765625 0.0419921875 0.0322265625
4 0.82666015625 0.07275390625 0.0400390625 0.0205078125
4 0.8330078125 0.123046875 0.041015625 0.017578125
4 0.87109375 0.06689453125 0.037109375 0.0205078125
4 0.09765625 0.037109375 0.03125 0.05078125
4 0.7666015625 0.93603515625 0.0390625 0.0224609375
4 0.43212890625 0.12060546875 0.0400390625 0.0302734375
4 0.578125 0.162109375 0.04296875 0.033203125
4 0.58203125 0.1181640625 0.041015625 0.025390625
4 0.4296875 0.955078125 0.037109375 0.01953125
4 0.50244140625 0.95263671875 0.0498046875 0.0244140625
4 0.5751953125 0.8984375 0.064453125 0.029296875
4 0.8837890625 0.8916015625 0.029296875 0.056640625
4 0.83349609375 0.12353515625 0.0400390625 0.0185546875
4 0.39111328125 0.36865234375 0.0244140625 0.0361328125
4 0.49365234375 0.3955078125 0.0400390625 0.025390625
4 0.42333984375 0.91357421875 0.0439453125 0.0185546875
5 0.59521484375 0.5986328125 0.0966796875 0.03515625
4 0.47705078125 0.90771484375 0.0400390625 0.0263671875
4 0.2373046875 0.04443359375 0.046875 0.0322265625
4 0.24609375 0.08642578125 0.041015625 0.0263671875
4 0.29150390625 0.1103515625 0.0322265625 0.0234375
4 0.32568359375 0.10302734375 0.0322265625 0.0517578125
4 0.30078125 0.9296875 0.044921875 0.0234375
4 0.18017578125 0.9736328125 0.0341796875 0.041015625
4 0.3056640625 0.96728515625 0.041015625 0.0263671875
4 0.3505859375 0.10546875 0.02734375 0.0546875
4 0.47412109375 0.09814453125 0.0361328125 0.0302734375
4 0.3857421875 0.11962890625 0.037109375 0.0244140625
4 0.2197265625 0.0087890625 0.041015625 0.015625
4 0.46044921875 0.1796875 0.0400390625 0.03125
4 0.470703125 0.26416015625 0.03125 0.0439453125
4 0.49267578125 0.37060546875 0.0439453125 0.0302734375
4 0.49658203125 0.41845703125 0.0400390625 0.0302734375
5 0.99755859375 0.529296875 0.0048828125 0.1015625
5 0.6806640625 0.5888671875 0.08203125 0.037109375
4 0.181640625 0.26513671875 0.01953125 0.0400390625
4 0.09326171875 0.146484375 0.0361328125 0.017578125
4 0.2431640625 0.115234375 0.044921875 0.0234375
4 0.2265625 0.2578125 0.01953125 0.03515625
4 0.26708984375 0.255859375 0.0205078125 0.037109375
4 0.1962890625 0.33984375 0.021484375 0.044921875
4 0.20556640625 0.25927734375 0.0224609375 0.0419921875
4 0.2470703125 0.2568359375 0.017578125 0.037109375
4 0.2890625 0.259765625 0.0234375 0.04296875
4 0.23828125 0.3349609375 0.021484375 0.037109375
4 0.2578125 0.33349609375 0.01953125 0.0361328125
4 0.29736328125 0.330078125 0.0205078125 0.037109375
4 0.39111328125 0.36962890625 0.0224609375 0.0341796875
5 0.09228515625 0.9345703125 0.0439453125 0.080078125
5 0.005859375 0.70849609375 0.009765625 0.0380859375
5 0.0634765625 0.69580078125 0.095703125 0.0361328125
5 0.16162109375 0.6845703125 0.0966796875 0.03515625
5 0.259765625 0.66259765625 0.095703125 0.0615234375
5 0.3896484375 0.62841796875 0.041015625 0.0927734375
5 0.3701171875 0.98388671875 0.08203125 0.0302734375
5 0.00537109375 0.31982421875 0.0087890625 0.0927734375
5 0.04736328125 0.19970703125 0.0927734375 0.0341796875
5 0.19775390625 0.193359375 0.0927734375 0.03125
4 0.30419921875 0.45263671875 0.0419921875 0.0205078125
5 0.7568359375 0.57958984375 0.0703125 0.0322265625
5 0.84619140625 0.47607421875 0.0927734375 0.0380859375
5 0.8310546875 0.42041015625 0.091796875 0.0380859375
5 0.7314453125 0.43505859375 0.11328125 0.0439453125
5 0.63671875 0.44677734375 0.0859375 0.0380859375
5 0.5654296875 0.45751953125 0.056640625 0.0361328125
5 0.59423828125 0.48486328125 0.1025390625 0.0419921875
5 0.701171875 0.46826171875 0.111328125 0.0439453125
5 0.79248046875 0.45458984375 0.0810546875 0.0380859375
5 0.869140625 0.44189453125 0.068359375 0.0341796875
5 0.91845703125 0.40771484375 0.0869140625 0.0302734375
5 0.9658203125 0.48779296875 0.068359375 0.0302734375
5 0.90673828125 0.49560546875 0.0634765625 0.0341796875
5 0.7548828125 0.48779296875 0.08984375 0.0380859375
5 0.99658203125 0.4521484375 0.0068359375 0.037109375
5 0.67138671875 0.49951171875 0.0791015625 0.0400390625
5 0.5869140625 0.513671875 0.099609375 0.0390625
5 0.82861328125 0.50634765625 0.0966796875 0.0361328125
5 0.669921875 0.53173828125 0.099609375 0.0419921875
5 0.58349609375 0.54248046875 0.0791015625 0.0361328125
5 0.921875 0.52490234375 0.0859375 0.0380859375
5 0.83349609375 0.5380859375 0.0888671875 0.03515625
5 0.693359375 0.55810546875 0.08203125 0.0361328125
5 0.5947265625 0.5703125 0.09375 0.037109375
5 0.82080078125 0.5712890625 0.0615234375 0.033203125
5 0.88916015625 0.5625 0.0634765625 0.037109375
5 0.94140625 0.462890625 0.09765625 0.037109375
5 0.9619140625 0.43115234375 0.076171875 0.0341796875
4 0.3115234375 0.498046875 0.041015625 0.01953125
5 0.55859375 0.341796875 0.078125 0.0390625
4 0.30322265625 0.47265625 0.0419921875 0.01953125
4 0.30419921875 0.4296875 0.0439453125 0.01953125
4 0.23974609375 0.9091796875 0.0224609375 0.044921875
4 0.01708984375 0.94775390625 0.0283203125 0.0419921875
4 0.03759765625 0.93310546875 0.0224609375 0.0380859375
4 0.12841796875 0.92626953125 0.0302734375 0.0380859375
5 0.44873046875 0.62255859375 0.0400390625 0.0986328125
5 0.52978515625 0.60888671875 0.0302734375 0.0947265625
5 0.99560546875 0.3955078125 0.0087890625 0.037109375
5 0.63330078125 0.3876953125 0.0947265625 0.04296875
5 0.68408203125 0.3505859375 0.0693359375 0.033203125
5 0.771484375 0.3408203125 0.08203125 0.03515625
5 0.9033203125 0.32275390625 0.078125 0.0380859375
5 0.97802734375 0.33935546875 0.0439453125 0.0322265625
5 0.77880859375 0.36669921875 0.0810546875 0.0361328125
5 0.57470703125 0.427734375 0.0771484375 0.03515625
5 0.65576171875 0.41552734375 0.0908203125 0.0380859375
5 0.97314453125 0.3671875 0.0537109375 0.037109375
