5 0.39013671875 0.70166015625 0.0712890625 0.0322265625
5 0.4052734375 0.80419921875 0.0390625 0.0634765625
5 0.4375 0.796875 0.03515625 0.060546875
5 0.46728515625 0.78125 0.0341796875 0.05859375
5 0.42724609375 0.73779296875 0.0615234375 0.0341796875
5 0.39306640625 0.00830078125 0.1240234375 0.0146484375
5 0.71142578125 0.65576171875 0.0322265625 0.0771484375
5 0.3310546875 0.7822265625 0.076171875 0.044921875
5 0.330078125 0.75244140625 0.072265625 0.0439453125
5 0.32275390625 0.72607421875 0.0712890625 0.0400390625
5 0.05322265625 0.12109375 0.1044921875 0.07421875
4 0.53466796875 0.68310546875 0.0498046875 0.0419921875
4 0.65478515625 0.39404296875 0.0322265625 0.0537109375
4 0.69384765625 0.4248046875 0.0341796875 0.05078125
4 0.5830078125 0.85693359375 0.04296875 0.0283203125
4 0.43212890625 0.85986328125 0.0419921875 0.0322265625
4 0.57861328125 0.90283203125 0.0419921875 0.0322265625
4 0.99072265625 0.70556640625 0.0185546875 0.0380859375
4 0.82666015625 0.81298828125 0.0400390625 0.0205078125
4 0.8330078125 0.86328125 0.041015625 0.017578125
4 0.87109375 0.80712890625 0.037109375 0.0205078125
4 0.9033203125 0.71142578125 0.021484375 0.0419921875
4 0.96630859375 0.705078125 0.0224609375 0.037109375
4 0.09765625 0.77734375 0.03125 0.05078125
4 0.43212890625 0.86083984375 0.0400390625 0.0302734375
4 0.578125 0.90234375 0.04296875 0.033203125
4 0.58203125 0.8583984375 0.041015625 0.025390625
4 0.83349609375 0.86376953125 0.0400390625 0.0185546875
4 0.03173828125 0.2197265625 0.0498046875 0.037109375
4 0.12255859375 0.18310546875 0.0400390625 0.0322265625
4 0.2373046875 0.78466796875 0.046875 0.0322265625
4 0.24609375 0.82666015625 0.041015625 0.0263671875
4 0.29150390625 0.8505859375 0.0322265625 0.0234375
4 0.32568359375 0.84326171875 0.0322265625 0.0517578125
4 0.3505859375 0.845703125 0.02734375 0.0546875
4 0.47412109375 0.83837890625 0.0361328125 0.0302734375
4 0.3857421875 0.85986328125 0.037109375 0.0244140625
4 0.2197265625 0.7412109375 0.041015625 0.03125
4 0.46044921875 0.919921875 0.0400390625 0.03125
4 0.470703125 0.9912109375 0.03125 0.017578125
4 0.33740234375 0.109375 0.0419921875 0.06640625
4 0.181640625 0.99267578125 0.01953125 0.0146484375
4 0.09326171875 0.88671875 0.0361328125 0.017578125
4 0.2431640625 0.85546875 0.044921875 0.0234375
4 0.2265625 0.990234375 0.01953125 0.01953125
4 0.26708984375 0.98876953125 0.0205078125 0.0224609375
4 0.20556640625 0.9892578125 0.0224609375 0.021484375
4 0.2470703125 0.9892578125 0.017578125 0.021484375
4 0.2890625 0.9892578125 0.0234375 0.021484375
5 0.04736328125 0.93994140625 0.0927734375 0.0341796875
5 0.19775390625 0.93359375 0.0927734375 0.03125
