5 0.466796875 0.67626953125 0.111328125 0.0478515625
5 0.46435546875 0.6455078125 0.0888671875 0.044921875
5 0.43359375 0.1669921875 0.1015625 0.146484375
5 0.47900390625 0.333984375 0.0927734375 0.044921875
5 0.5146484375 0.35595703125 0.095703125 0.0419921875
5 0.6748046875 0.2138671875 0.08984375 0.078125
5 0.66943359375 0.35888671875 0.0498046875 0.0947265625
5 0.7333984375 0.3525390625 0.04296875 0.095703125
5 0.70458984375 0.361328125 0.0419921875 0.091796875
4 0.98486328125 0.33837890625 0.0244140625 0.0380859375
4 0.728515625 0.03125 0.0390625 0.025390625
4 0.80810546875 0.353515625 0.0244140625 0.03515625
4 0.8193359375 0.39013671875 0.025390625 0.0361328125
4 0.84912109375 0.3779296875 0.0224609375 0.03515625
4 0.8759765625 0.3681640625 0.021484375 0.037109375
4 0.8974609375 0.36767578125 0.01953125 0.0341796875
4 0.91748046875 0.35693359375 0.0263671875 0.0361328125
5 0.37890625 0.3544921875 0.09375 0.0390625
4 0.46533203125 0.4853515625 0.0439453125 0.025390625
4 0.45751953125 0.4638671875 0.0361328125 0.021484375
4 0.4736328125 0.50634765625 0.044921875 0.0283203125
4 0.4755859375 0.55029296875 0.04296875 0.0263671875
4 0.4765625 0.52783203125 0.0390625 0.0244140625
5 0.59619140625 0.0712890625 0.1025390625 0.140625
5 0.677734375 0.048828125 0.107421875 0.095703125
5 0.31982421875 0.22216796875 0.1044921875 0.1474609375
5 0.65380859375 0.58349609375 0.0908203125 0.0458984375
5 0.56787109375 0.6435546875 0.0966796875 0.064453125
5 0.55615234375 0.60595703125 0.1005859375 0.0458984375
5 0.39697265625 0.0732421875 0.1552734375 0.09765625
4 0.79248046875 0.38232421875 0.0322265625 0.0537109375
5 0.66259765625 0.61083984375 0.0966796875 0.0478515625
4 0.6484375 0.48095703125 0.03515625 0.0244140625
4 0.5009765625 0.45068359375 0.041015625 0.0263671875
4 0.50732421875 0.47265625 0.0419921875 0.025390625
4 0.4775390625 0.52685546875 0.0390625 0.0244140625
4 0.51806640625 0.51416015625 0.0400390625 0.0263671875
4 0.498046875 0.58935546875 0.041015625 0.0244140625
4 0.58349609375 0.4296875 0.0419921875 0.02734375
4 0.60546875 0.4912109375 0.041015625 0.02734375
4 0.6591796875 0.51953125 0.041015625 0.029296875
4 0.58984375 0.45068359375 0.0390625 0.0263671875
4 0.81884765625 0.39208984375 0.0224609375 0.0361328125
4 0.8486328125 0.3779296875 0.0234375 0.03515625
4 0.63916015625 0.46142578125 0.0380859375 0.0263671875
4 0.59912109375 0.47119140625 0.0439453125 0.0263671875
4 0.89794921875 0.36767578125 0.0185546875 0.0322265625
5 0.923828125 0.57568359375 0.05078125 0.0986328125
5 0.6640625 0.63916015625 0.09375 0.0498046875
5 0.83642578125 0.95849609375 0.1025390625 0.0341796875
5 0.95458984375 0.94873046875 0.0908203125 0.0380859375
5 0.8779296875 0.58251953125 0.052734375 0.0927734375
5 0.9892578125 0.56005859375 0.021484375 0.0927734375
4 0.6064453125 0.513671875 0.03515625 0.0234375
5 0.92431640625 0.45751953125 0.0791015625 0.0908203125
4 0.45751953125 0.46435546875 0.0380859375 0.0244140625
4 0.4658203125 0.486328125 0.04296875 0.025390625
4 0.47314453125 0.50634765625 0.0458984375 0.0302734375
4 0.4755859375 0.54931640625 0.04296875 0.0283203125
4 0.48828125 0.5693359375 0.046875 0.029296875
4 0.53125 0.556640625 0.041015625 0.02734375
4 0.52587890625 0.53564453125 0.0400390625 0.0283203125
4 0.51171875 0.4951171875 0.037109375 0.025390625
4 0.87548828125 0.36962890625 0.0244140625 0.0341796875
