5 0.00634765625 0.15576171875 0.0107421875 0.0771484375
4 0.89453125 0.0166015625 0.037109375 0.0234375
5 0.91552734375 0.09130859375 0.0595703125 0.0283203125
4 0.75 0.27978515625 0.017578125 0.0419921875
4 0.74609375 0.23193359375 0.044921875 0.0224609375
4 0.73486328125 0.17333984375 0.0615234375 0.0283203125
4 0.66650390625 0.1796875 0.0419921875 0.01953125
4 0.80322265625 0.1640625 0.0400390625 0.0234375
4 0.91064453125 0.06298828125 0.0439453125 0.0205078125
4 0.69140625 0.34326171875 0.021484375 0.0400390625
4 0.685546875 0.2412109375 0.046875 0.0234375
4 0.6240234375 0.25 0.06640625 0.02734375
4 0.54833984375 0.26806640625 0.0380859375 0.0166015625
4 0.27587890625 0.20556640625 0.0205078125 0.0380859375
4 0.55224609375 0.29541015625 0.0419921875 0.0205078125
4 0.42822265625 0.2783203125 0.0556640625 0.0234375
4 0.37646484375 0.28369140625 0.0400390625 0.0185546875
4 0.44189453125 0.3046875 0.0498046875 0.02734375
4 0.47705078125 0.158203125 0.0263671875 0.0546875
4 0.44140625 0.1357421875 0.029296875 0.044921875
4 0.11083984375 0.31298828125 0.0400390625 0.0205078125
4 0.1171875 0.36328125 0.041015625 0.017578125
4 0.1552734375 0.30712890625 0.037109375 0.0205078125
4 0.1875 0.21142578125 0.021484375 0.0419921875
4 0.25048828125 0.205078125 0.0224609375 0.037109375
5 0.68115234375 0.5263671875 0.0380859375 0.087890625
5 0.86962890625 0.63037109375 0.1318359375 0.0478515625
5 0.85302734375 0.59619140625 0.1162109375 0.0400390625
5 0.84521484375 0.56005859375 0.0732421875 0.0283203125
5 0.8515625 0.53125 0.060546875 0.029296875
5 0.85009765625 0.50830078125 0.0615234375 0.0244140625
5 0.84521484375 0.486328125 0.0673828125 0.03125
5 0.8583984375 0.46044921875 0.0625 0.0322265625
5 0.92578125 0.45166015625 0.064453125 0.0341796875
5 0.90771484375 0.50927734375 0.0537109375 0.0244140625
5 0.62451171875 0.54248046875 0.0380859375 0.0791015625
5 0.65234375 0.53125 0.029296875 0.08203125
5 0.7119140625 0.53076171875 0.033203125 0.0869140625
5 0.87109375 0.68798828125 0.076171875 0.0283203125
5 0.634765625 0.42919921875 0.05859375 0.0283203125
5 0.71875 0.42333984375 0.0703125 0.0322265625
5 0.8779296875 0.6630859375 0.08203125 0.03515625
5 0.79296875 0.72412109375 0.02734375 0.0615234375
5 0.556640625 0.65283203125 0.060546875 0.0322265625
5 0.56298828125 0.72119140625 0.0302734375 0.0908203125
5 0.62109375 0.6962890625 0.029296875 0.08984375
5 0.7880859375 0.65380859375 0.033203125 0.0693359375
4 0.11767578125 0.36376953125 0.0400390625 0.0185546875
5 0.6533203125 0.69921875 0.033203125 0.08984375
5 0.6845703125 0.70263671875 0.029296875 0.0634765625
5 0.33642578125 0.76953125 0.1142578125 0.1015625
5 0.00341796875 0.8291015625 0.0048828125 0.037109375
5 0.041015625 0.81982421875 0.0703125 0.0322265625
5 0.13037109375 0.71630859375 0.0927734375 0.0380859375
5 0.115234375 0.66064453125 0.091796875 0.0380859375
5 0.03662109375 0.67529296875 0.0712890625 0.0439453125
5 0.02099609375 0.70849609375 0.0400390625 0.0439453125
5 0.07666015625 0.69482421875 0.0810546875 0.0380859375
5 0.1533203125 0.68212890625 0.068359375 0.0341796875
5 0.20263671875 0.64794921875 0.0869140625 0.0302734375
5 0.25244140625 0.72802734375 0.0732421875 0.0302734375
5 0.19091796875 0.73583984375 0.0634765625 0.0341796875
5 0.04248046875 0.72802734375 0.0830078125 0.0380859375
5 0.3173828125 0.6923828125 0.080078125 0.037109375
5 0.11279296875 0.74658203125 0.0966796875 0.0361328125
5 0.00244140625 0.77197265625 0.0029296875 0.0419921875
5 0.2060546875 0.76513671875 0.0859375 0.0380859375
5 0.11767578125 0.7783203125 0.0888671875 0.03515625
5 0.009765625 0.79833984375 0.017578125 0.0361328125
5 0.10498046875 0.8115234375 0.0615234375 0.033203125
5 0.17333984375 0.802734375 0.0634765625 0.037109375
5 0.2255859375 0.703125 0.09765625 0.037109375
5 0.25 0.67138671875 0.083984375 0.0341796875
5 0.34130859375 0.51318359375 0.0654296875 0.0302734375
5 0.31494140625 0.6357421875 0.0791015625 0.037109375
5 0.001953125 0.5908203125 0.001953125 0.033203125
5 0.0556640625 0.5810546875 0.08203125 0.03515625
5 0.1875 0.56298828125 0.078125 0.0380859375
5 0.400390625 0.544921875 0.060546875 0.0546875
5 0.28125 0.57958984375 0.08203125 0.0322265625
5 0.06298828125 0.60693359375 0.0810546875 0.0361328125
5 0.27099609375 0.607421875 0.0810546875 0.037109375
5 0.341796875 0.59765625 0.0546875 0.03125
