5 0.466796875 0.43603515625 0.111328125 0.0478515625
5 0.46435546875 0.4052734375 0.0888671875 0.044921875
5 0.47900390625 0.09375 0.0927734375 0.044921875
5 0.5146484375 0.11572265625 0.095703125 0.0419921875
5 0.6748046875 0.0068359375 0.08984375 0.01171875
5 0.66943359375 0.11865234375 0.0498046875 0.0947265625
5 0.7333984375 0.1123046875 0.04296875 0.095703125
5 0.70458984375 0.12109375 0.0419921875 0.091796875
4 0.98486328125 0.09814453125 0.0244140625 0.0380859375
4 0.80810546875 0.11328125 0.0244140625 0.03515625
4 0.8193359375 0.14990234375 0.025390625 0.0361328125
4 0.84912109375 0.1376953125 0.0224609375 0.03515625
4 0.8759765625 0.1279296875 0.021484375 0.037109375
4 0.8974609375 0.12744140625 0.01953125 0.0341796875
4 0.91748046875 0.11669921875 0.0263671875 0.0361328125
5 0.37890625 0.1142578125 0.09375 0.0390625
4 0.46533203125 0.2451171875 0.0439453125 0.025390625
4 0.45751953125 0.2236328125 0.0361328125 0.021484375
4 0.4736328125 0.26611328125 0.044921875 0.0283203125
4 0.4755859375 0.31005859375 0.04296875 0.0263671875
4 0.4765625 0.28759765625 0.0390625 0.0244140625
5 0.31982421875 0.0283203125 0.1044921875 0.0546875
5 0.65380859375 0.34326171875 0.0908203125 0.0458984375
5 0.56787109375 0.4033203125 0.0966796875 0.064453125
5 0.55615234375 0.36572265625 0.1005859375 0.0458984375
4 0.79248046875 0.14208984375 0.0322265625 0.0537109375
5 0.66259765625 0.37060546875 0.0966796875 0.0478515625
4 0.6484375 0.24072265625 0.03515625 0.0244140625
4 0.5009765625 0.21044921875 0.041015625 0.0263671875
4 0.50732421875 0.232421875 0.0419921875 0.025390625
4 0.4775390625 0.28662109375 0.0390625 0.0244140625
4 0.51806640625 0.27392578125 0.0400390625 0.0263671875
4 0.498046875 0.34912109375 0.041015625 0.0244140625
4 0.58349609375 0.189453125 0.0419921875 0.02734375
4 0.60546875 0.2509765625 0.041015625 0.02734375
4 0.6591796875 0.279296875 0.041015625 0.029296875
4 0.58984375 0.21044921875 0.0390625 0.0263671875
4 0.81884765625 0.15185546875 0.0224609375 0.0361328125
4 0.8486328125 0.1376953125 0.0234375 0.03515625
4 0.63916015625 0.22119140625 0.0380859375 0.0263671875
4 0.59912109375 0.23095703125 0.0439453125 0.0263671875
4 0.89794921875 0.12744140625 0.0185546875 0.0322265625
5 0.923828125 0.33544921875 0.05078125 0.0986328125
5 0.6640625 0.39892578125 0.09375 0.0498046875
5 0.64453125 0.96728515625 0.072265625 0.0439453125
5 0.83642578125 0.71826171875 0.1025390625 0.0341796875
5 0.95458984375 0.70849609375 0.0908203125 0.0380859375
5 0.8779296875 0.34228515625 0.052734375 0.0927734375
5 0.9892578125 0.31982421875 0.021484375 0.0927734375
4 0.6064453125 0.2734375 0.03515625 0.0234375
5 0.92431640625 0.21728515625 0.0791015625 0.0908203125
4 0.45751953125 0.22412109375 0.0380859375 0.0244140625
4 0.4658203125 0.24609375 0.04296875 0.025390625
4 0.47314453125 0.26611328125 0.0458984375 0.0302734375
4 0.4755859375 0.30908203125 0.04296875 0.0283203125
4 0.48828125 0.3291015625 0.046875 0.029296875
4 0.53125 0.31640625 0.041015625 0.02734375
4 0.52587890625 0.29541015625 0.0400390625 0.0283203125
4 0.51171875 0.2548828125 0.037109375 0.025390625
4 0.87548828125 0.12939453125 0.0244140625 0.0341796875
4 0.8935546875 0.91943359375 0.0234375 0.0380859375
