4 0.45068359375 0.6142578125 0.0302734375 0.04296875
4 0.349609375 0.65234375 0.029296875 0.0390625
5 0.89306640625 0.48095703125 0.1240234375 0.0693359375
4 0.4306640625 0.6220703125 0.029296875 0.041015625
4 0.32666015625 0.65869140625 0.0283203125 0.0400390625
4 0.42529296875 0.82080078125 0.0380859375 0.0556640625
5 0.1904296875 0.580078125 0.1484375 0.091796875
5 0.541015625 0.62109375 0.12890625 0.07421875
4 0.197265625 0.9169921875 0.048828125 0.03515625
4 0.2197265625 0.978515625 0.0390625 0.02734375
5 0.09619140625 0.9970703125 0.1025390625 0.005859375
5 0.177734375 0.9736328125 0.107421875 0.052734375
5 0.1083984375 0.82666015625 0.130859375 0.1357421875
4 0.00927734375 0.1005859375 0.0166015625 0.0390625
4 0.03759765625 0.0703125 0.0419921875 0.041015625
4 0.13671875 0.013671875 0.046875 0.025390625
5 0.85693359375 0.1806640625 0.0908203125 0.078125
4 0.072265625 0.001953125 0.044921875 0.001953125
5 0.4755859375 0.36767578125 0.083984375 0.0771484375
5 0.83935546875 0.1513671875 0.0693359375 0.060546875
5 0.4501953125 0.3388671875 0.076171875 0.064453125
4 0.03076171875 0.0185546875 0.0419921875 0.03515625
5 0.42626953125 0.31298828125 0.0712890625 0.0556640625
5 0.4130859375 0.2890625 0.068359375 0.056640625
5 0.4267578125 0.24560546875 0.076171875 0.0673828125
5 0.404296875 0.22119140625 0.080078125 0.0712890625
5 0.439453125 0.08203125 0.05078125 0.05859375
5 0.39111328125 0.1103515625 0.0458984375 0.052734375
4 0.0087890625 0.04248046875 0.015625 0.0361328125
5 0.0537109375 0.65087890625 0.10546875 0.1220703125
4 0.1513671875 0.03564453125 0.037109375 0.0322265625
4 0.0615234375 0.09228515625 0.0234375 0.0439453125
4 0.0458984375 0.11181640625 0.0234375 0.0458984375
4 0.02783203125 0.1240234375 0.0224609375 0.041015625
4 0.01171875 0.13525390625 0.021484375 0.0458984375
4 0.53173828125 0.7197265625 0.0498046875 0.037109375
4 0.62255859375 0.68310546875 0.0400390625 0.0322265625
4 0.83740234375 0.609375 0.0419921875 0.06640625
