5 0.00634765625 0.65576171875 0.0107421875 0.0771484375
4 0.4560546875 0.03173828125 0.033203125 0.0439453125
4 0.45068359375 0.07470703125 0.0322265625 0.0478515625
4 0.49462890625 0.06201171875 0.0341796875 0.0439453125
4 0.552734375 0.14013671875 0.033203125 0.0458984375
4 0.45458984375 0.162109375 0.0302734375 0.048828125
4 0.59619140625 0.0107421875 0.0361328125 0.01953125
4 0.54248046875 0.0146484375 0.0380859375 0.02734375
4 0.599609375 0.12890625 0.03125 0.044921875
4 0.4755859375 0.021484375 0.03515625 0.041015625
4 0.4990234375 0.02001953125 0.03125 0.0380859375
4 0.47509765625 0.072265625 0.0322265625 0.046875
4 0.439453125 0.115234375 0.03125 0.05078125
4 0.4658203125 0.1181640625 0.029296875 0.046875
4 0.48046875 0.158203125 0.02734375 0.041015625
4 0.50439453125 0.15283203125 0.0302734375 0.0439453125
4 0.52685546875 0.1455078125 0.0302734375 0.046875
4 0.57666015625 0.13330078125 0.0322265625 0.0478515625
4 0.6005859375 0.080078125 0.03125 0.048828125
4 0.89453125 0.5166015625 0.037109375 0.0234375
5 0.91552734375 0.59130859375 0.0595703125 0.0283203125
4 0.83447265625 0.15380859375 0.0380859375 0.0458984375
4 0.75 0.77978515625 0.017578125 0.0419921875
4 0.74609375 0.73193359375 0.044921875 0.0224609375
4 0.73486328125 0.67333984375 0.0615234375 0.0283203125
4 0.66650390625 0.6796875 0.0419921875 0.01953125
4 0.80322265625 0.6640625 0.0400390625 0.0234375
4 0.91064453125 0.56298828125 0.0439453125 0.0205078125
4 0.69140625 0.84326171875 0.021484375 0.0400390625
4 0.685546875 0.7412109375 0.046875 0.0234375
4 0.6240234375 0.75 0.06640625 0.02734375
4 0.58349609375 0.03564453125 0.0341796875 0.0498046875
4 0.58154296875 0.0869140625 0.0302734375 0.044921875
4 0.56201171875 0.00927734375 0.0322265625 0.0166015625
4 0.48974609375 0.11328125 0.0302734375 0.04296875
4 0.51171875 0.10205078125 0.029296875 0.0458984375
4 0.53564453125 0.0986328125 0.0302734375 0.044921875
4 0.51806640625 0.056640625 0.0341796875 0.046875
4 0.5185546875 0.01611328125 0.03515625 0.0302734375
4 0.53759765625 0.04638671875 0.0322265625 0.0439453125
4 0.5576171875 0.08935546875 0.033203125 0.0478515625
4 0.56396484375 0.0458984375 0.0361328125 0.046875
4 0.54833984375 0.76806640625 0.0380859375 0.0166015625
4 0.27587890625 0.70556640625 0.0205078125 0.0380859375
4 0.55224609375 0.79541015625 0.0419921875 0.0205078125
4 0.42822265625 0.7783203125 0.0556640625 0.0234375
4 0.37646484375 0.78369140625 0.0400390625 0.0185546875
4 0.44189453125 0.8046875 0.0498046875 0.02734375
4 0.47705078125 0.658203125 0.0263671875 0.0546875
4 0.44140625 0.6357421875 0.029296875 0.044921875
4 0.11083984375 0.81298828125 0.0400390625 0.0205078125
4 0.1171875 0.86328125 0.041015625 0.017578125
4 0.1552734375 0.80712890625 0.037109375 0.0205078125
4 0.1875 0.71142578125 0.021484375 0.0419921875
4 0.25048828125 0.705078125 0.0224609375 0.037109375
5 0.68115234375 0.9912109375 0.0380859375 0.017578125
5 0.85009765625 0.998046875 0.0615234375 0.00390625
5 0.84521484375 0.9853515625 0.0673828125 0.029296875
5 0.8583984375 0.96044921875 0.0625 0.0322265625
5 0.92578125 0.95166015625 0.064453125 0.0341796875
5 0.90771484375 0.99853515625 0.0537109375 0.0029296875
5 0.65234375 0.9951171875 0.029296875 0.009765625
5 0.7119140625 0.99365234375 0.033203125 0.0126953125
5 0.634765625 0.92919921875 0.05859375 0.0283203125
5 0.71875 0.92333984375 0.0703125 0.0322265625
4 0.11767578125 0.86376953125 0.0400390625 0.0185546875
4 0.62158203125 0.03564453125 0.0419921875 0.0458984375
4 0.63671875 0.00927734375 0.046875 0.0166015625
4 0.6494140625 0.0166015625 0.04296875 0.03125
4 0.658203125 0.0302734375 0.05078125 0.041015625
4 0.6220703125 0.0712890625 0.037109375 0.048828125
4 0.36669921875 0.00830078125 0.0361328125 0.0146484375
4 0.646484375 0.072265625 0.037109375 0.04296875
4 0.6416015625 0.11474609375 0.03515625 0.0478515625
4 0.6201171875 0.12158203125 0.03125 0.0478515625
4 0.6650390625 0.10888671875 0.033203125 0.0419921875
4 0.703125 0.0947265625 0.046875 0.0390625
4 0.681640625 0.0703125 0.0390625 0.033203125
4 0.66845703125 0.048828125 0.0458984375 0.037109375
5 0.34130859375 0.9990234375 0.0654296875 0.001953125
