4 0.45263671875 0.45556640625 0.0458984375 0.0380859375
4 0.4560546875 0.53173828125 0.033203125 0.0439453125
4 0.45068359375 0.57470703125 0.0322265625 0.0478515625
4 0.49462890625 0.56201171875 0.0341796875 0.0439453125
4 0.552734375 0.64013671875 0.033203125 0.0458984375
4 0.45458984375 0.662109375 0.0302734375 0.048828125
4 0.59619140625 0.4990234375 0.0361328125 0.04296875
4 0.54248046875 0.50341796875 0.0380859375 0.0498046875
4 0.599609375 0.62890625 0.03125 0.044921875
4 0.4755859375 0.5166015625 0.03515625 0.05078125
4 0.4990234375 0.515625 0.03125 0.046875
4 0.47509765625 0.572265625 0.0322265625 0.046875
4 0.439453125 0.615234375 0.03125 0.05078125
4 0.4658203125 0.6181640625 0.029296875 0.046875
4 0.48046875 0.658203125 0.02734375 0.041015625
4 0.50439453125 0.65283203125 0.0302734375 0.0439453125
4 0.52685546875 0.6455078125 0.0302734375 0.046875
4 0.57666015625 0.63330078125 0.0322265625 0.0478515625
4 0.6005859375 0.580078125 0.03125 0.048828125
4 0.83447265625 0.65380859375 0.0380859375 0.0458984375
4 0.58349609375 0.53564453125 0.0341796875 0.0498046875
4 0.58154296875 0.5869140625 0.0302734375 0.044921875
4 0.56201171875 0.49365234375 0.0322265625 0.0478515625
4 0.52294921875 0.46435546875 0.0458984375 0.0361328125
4 0.56640625 0.46435546875 0.04296875 0.0458984375
4 0.48974609375 0.61328125 0.0302734375 0.04296875
4 0.51171875 0.60205078125 0.029296875 0.0458984375
4 0.53564453125 0.5986328125 0.0302734375 0.044921875
4 0.51806640625 0.556640625 0.0341796875 0.046875
4 0.5185546875 0.5068359375 0.03515625 0.048828125
4 0.53759765625 0.54638671875 0.0322265625 0.0439453125
4 0.5576171875 0.58935546875 0.033203125 0.0478515625
4 0.56396484375 0.5458984375 0.0361328125 0.046875
4 0.212890625 0.0029296875 0.04296875 0.00390625
4 0.57470703125 0.41015625 0.0458984375 0.03515625
4 0.5244140625 0.47021484375 0.04296875 0.0263671875
4 0.58837890625 0.4287109375 0.0419921875 0.037109375
4 0.57421875 0.41015625 0.046875 0.0390625
4 0.4951171875 0.36865234375 0.033203125 0.0380859375
4 0.56640625 0.4658203125 0.037109375 0.0390625
4 0.47900390625 0.38818359375 0.0380859375 0.0439453125
4 0.44140625 0.228515625 0.046875 0.0390625
4 0.49267578125 0.1474609375 0.0400390625 0.04296875
4 0.416015625 0.1943359375 0.048828125 0.041015625
4 0.48095703125 0.27978515625 0.0439453125 0.0380859375
4 0.39111328125 0.22265625 0.0400390625 0.046875
4 0.43603515625 0.36376953125 0.0341796875 0.0400390625
4 0.45361328125 0.45556640625 0.0419921875 0.0380859375
4 0.58837890625 0.42822265625 0.0419921875 0.0361328125
4 0.42822265625 0.2109375 0.0458984375 0.0390625
4 0.45361328125 0.24609375 0.0478515625 0.0390625
4 0.458984375 0.40234375 0.037109375 0.044921875
4 0.466796875 0.26318359375 0.044921875 0.0361328125
4 0.41748046875 0.259765625 0.0380859375 0.04296875
4 0.345703125 0.1982421875 0.0390625 0.046875
4 0.3251953125 0.2138671875 0.041015625 0.046875
4 0.3525390625 0.24951171875 0.0390625 0.0458984375
4 0.37109375 0.23583984375 0.0390625 0.0419921875
4 0.39892578125 0.2734375 0.0419921875 0.046875
4 0.3095703125 0.228515625 0.041015625 0.046875
4 0.42626953125 0.3095703125 0.0380859375 0.044921875
4 0.40869140625 0.322265625 0.0361328125 0.04296875
4 0.45361328125 0.349609375 0.0380859375 0.04296875
4 0.62158203125 0.53564453125 0.0419921875 0.0458984375
4 0.1083984375 0.015625 0.044921875 0.029296875
4 0.6240234375 0.4755859375 0.04296875 0.041015625
4 0.63671875 0.4970703125 0.046875 0.041015625
4 0.6494140625 0.513671875 0.04296875 0.037109375
4 0.658203125 0.5302734375 0.05078125 0.041015625
4 0.6220703125 0.5712890625 0.037109375 0.048828125
4 0.36669921875 0.48681640625 0.0361328125 0.0576171875
4 0.646484375 0.572265625 0.037109375 0.04296875
4 0.6416015625 0.61474609375 0.03515625 0.0478515625
4 0.6201171875 0.62158203125 0.03125 0.0478515625
4 0.6650390625 0.60888671875 0.033203125 0.0419921875
4 0.703125 0.5947265625 0.046875 0.0390625
4 0.681640625 0.5703125 0.0390625 0.033203125
4 0.66845703125 0.548828125 0.0458984375 0.037109375
4 0.2998046875 0.28662109375 0.044921875 0.0517578125
4 0.3251953125 0.35302734375 0.041015625 0.0322265625
4 0.337890625 0.373046875 0.041015625 0.0390625
4 0.3515625 0.39208984375 0.037109375 0.0341796875
