4 0.75 0.03955078125 0.017578125 0.0419921875
4 0.74609375 0.001953125 0.044921875 0.001953125
4 0.69140625 0.10302734375 0.021484375 0.0400390625
4 0.685546875 0.0068359375 0.046875 0.01171875
4 0.6240234375 0.01220703125 0.06640625 0.0224609375
4 0.54833984375 0.02783203125 0.0380859375 0.0166015625
4 0.55224609375 0.05517578125 0.0419921875 0.0205078125
4 0.42822265625 0.0380859375 0.0556640625 0.0234375
4 0.37646484375 0.04345703125 0.0400390625 0.0185546875
4 0.44189453125 0.064453125 0.0498046875 0.02734375
4 0.11083984375 0.07275390625 0.0400390625 0.0205078125
4 0.1171875 0.123046875 0.041015625 0.017578125
4 0.1552734375 0.06689453125 0.037109375 0.0205078125
5 0.68115234375 0.2861328125 0.0380859375 0.087890625
5 0.86962890625 0.39013671875 0.1318359375 0.0478515625
5 0.85302734375 0.35595703125 0.1162109375 0.0400390625
5 0.84521484375 0.31982421875 0.0732421875 0.0283203125
5 0.8515625 0.291015625 0.060546875 0.029296875
5 0.85009765625 0.26806640625 0.0615234375 0.0244140625
5 0.84521484375 0.24609375 0.0673828125 0.03125
5 0.8583984375 0.22021484375 0.0625 0.0322265625
5 0.92578125 0.21142578125 0.064453125 0.0341796875
5 0.90771484375 0.26904296875 0.0537109375 0.0244140625
5 0.62451171875 0.30224609375 0.0380859375 0.0791015625
5 0.65234375 0.291015625 0.029296875 0.08203125
5 0.7119140625 0.29052734375 0.033203125 0.0869140625
5 0.87109375 0.44775390625 0.076171875 0.0283203125
5 0.634765625 0.18896484375 0.05859375 0.0283203125
5 0.71875 0.18310546875 0.0703125 0.0322265625
5 0.751953125 0.9248046875 0.0703125 0.0234375
4 0.80908203125 0.92919921875 0.0380859375 0.0205078125
4 0.599609375 0.91845703125 0.041015625 0.0166015625
5 0.8779296875 0.4228515625 0.08203125 0.03515625
5 0.79296875 0.48388671875 0.02734375 0.0615234375
4 0.05078125 0.93603515625 0.0390625 0.0224609375
5 0.556640625 0.41259765625 0.060546875 0.0322265625
5 0.56298828125 0.48095703125 0.0302734375 0.0908203125
5 0.62109375 0.4560546875 0.029296875 0.08984375
4 0.16796875 0.8916015625 0.029296875 0.056640625
4 0.345703125 0.95068359375 0.0703125 0.0302734375
5 0.7880859375 0.41357421875 0.033203125 0.0693359375
4 0.54345703125 0.923828125 0.0439453125 0.021484375
4 0.599609375 0.91748046875 0.041015625 0.0185546875
4 0.11767578125 0.12353515625 0.0400390625 0.0185546875
5 0.6533203125 0.458984375 0.033203125 0.08984375
5 0.6845703125 0.46240234375 0.029296875 0.0634765625
4 0.9033203125 0.83251953125 0.048828125 0.0224609375
4 0.8837890625 0.85546875 0.048828125 0.021484375
4 0.857421875 0.87841796875 0.046875 0.0263671875
4 0.43701171875 0.8671875 0.0283203125 0.04296875
5 0.33642578125 0.529296875 0.1142578125 0.1015625
5 0.00341796875 0.5888671875 0.0048828125 0.037109375
5 0.041015625 0.57958984375 0.0703125 0.0322265625
5 0.13037109375 0.47607421875 0.0927734375 0.0380859375
5 0.115234375 0.42041015625 0.091796875 0.0380859375
5 0.03662109375 0.43505859375 0.0712890625 0.0439453125
5 0.02099609375 0.46826171875 0.0400390625 0.0439453125
5 0.07666015625 0.45458984375 0.0810546875 0.0380859375
5 0.1533203125 0.44189453125 0.068359375 0.0341796875
5 0.20263671875 0.40771484375 0.0869140625 0.0302734375
5 0.25244140625 0.48779296875 0.0732421875 0.0302734375
5 0.19091796875 0.49560546875 0.0634765625 0.0341796875
5 0.04248046875 0.48779296875 0.0830078125 0.0380859375
5 0.3173828125 0.4521484375 0.080078125 0.037109375
5 0.11279296875 0.50634765625 0.0966796875 0.0361328125
5 0.00244140625 0.53173828125 0.0029296875 0.0419921875
5 0.2060546875 0.52490234375 0.0859375 0.0380859375
5 0.11767578125 0.5380859375 0.0888671875 0.03515625
5 0.009765625 0.55810546875 0.017578125 0.0361328125
5 0.10498046875 0.5712890625 0.0615234375 0.033203125
5 0.17333984375 0.5625 0.0634765625 0.037109375
5 0.2255859375 0.462890625 0.09765625 0.037109375
5 0.25 0.43115234375 0.083984375 0.0341796875
5 0.34130859375 0.27294921875 0.0654296875 0.0302734375
5 0.31494140625 0.3955078125 0.0791015625 0.037109375
5 0.001953125 0.3505859375 0.001953125 0.033203125
5 0.0556640625 0.3408203125 0.08203125 0.03515625
5 0.1875 0.32275390625 0.078125 0.0380859375
5 0.400390625 0.3046875 0.060546875 0.0546875
5 0.28125 0.33935546875 0.08203125 0.0322265625
5 0.06298828125 0.36669921875 0.0810546875 0.0361328125
5 0.27099609375 0.3671875 0.0810546875 0.037109375
5 0.341796875 0.357421875 0.0546875 0.03125
