4 0.958984375 0.6279296875 0.04296875 0.041015625
4 0.98876953125 0.6005859375 0.0224609375 0.0390625
4 0.853515625 0.60693359375 0.029296875 0.0400390625
4 0.87255859375 0.59814453125 0.0341796875 0.0419921875
4 0.88232421875 0.63232421875 0.0419921875 0.0361328125
4 0.9228515625 0.66259765625 0.048828125 0.0439453125
4 0.9501953125 0.6826171875 0.0390625 0.04296875
4 0.921875 0.595703125 0.04296875 0.037109375
4 0.95751953125 0.56884765625 0.0400390625 0.0380859375
4 0.95947265625 0.62744140625 0.0419921875 0.0400390625
4 0.95703125 0.568359375 0.0390625 0.0390625
4 0.94970703125 0.68310546875 0.0380859375 0.0439453125
4 0.9873046875 0.54248046875 0.025390625 0.0361328125
4 0.98291015625 0.65185546875 0.0283203125 0.0517578125
4 0.99609375 0.63525390625 0.0078125 0.0458984375
4 0.9658203125 0.67041015625 0.03125 0.0458984375
4 0.46337890625 0.11669921875 0.0556640625 0.0556640625
4 0.48681640625 0.13623046875 0.0576171875 0.0595703125
4 0.39111328125 0.8017578125 0.0341796875 0.041015625
