5 0.01171875 0.43603515625 0.021484375 0.0478515625
5 0.0048828125 0.4052734375 0.0078125 0.044921875
5 0.9052734375 0.06396484375 0.0390625 0.0634765625
5 0.9375 0.056640625 0.03515625 0.060546875
5 0.96728515625 0.041015625 0.0341796875 0.05859375
5 0.92724609375 0.0078125 0.0615234375 0.013671875
5 0.01318359375 0.09375 0.0244140625 0.044921875
5 0.03173828125 0.11572265625 0.0615234375 0.0419921875
5 0.1748046875 0.0068359375 0.08984375 0.01171875
5 0.16943359375 0.11865234375 0.0498046875 0.0947265625
5 0.2333984375 0.1123046875 0.04296875 0.095703125
5 0.20458984375 0.12109375 0.0419921875 0.091796875
5 0.8310546875 0.0419921875 0.076171875 0.044921875
5 0.830078125 0.017578125 0.072265625 0.033203125
5 0.82275390625 0.00341796875 0.0712890625 0.0048828125
4 0.48486328125 0.09814453125 0.0244140625 0.0380859375
4 0.30810546875 0.11328125 0.0244140625 0.03515625
4 0.3193359375 0.14990234375 0.025390625 0.0361328125
4 0.34912109375 0.1376953125 0.0224609375 0.03515625
4 0.3759765625 0.1279296875 0.021484375 0.037109375
4 0.3974609375 0.12744140625 0.01953125 0.0341796875
4 0.41748046875 0.11669921875 0.0263671875 0.0361328125
4 0.93212890625 0.11962890625 0.0419921875 0.0322265625
5 0.15380859375 0.34326171875 0.0908203125 0.0458984375
5 0.06787109375 0.4033203125 0.0966796875 0.064453125
4 0.59765625 0.037109375 0.03125 0.05078125
5 0.05615234375 0.36572265625 0.1005859375 0.0458984375
4 0.93212890625 0.12060546875 0.0400390625 0.0302734375
4 0.9296875 0.955078125 0.037109375 0.01953125
4 0.98876953125 0.95263671875 0.0224609375 0.0244140625
4 0.89111328125 0.36865234375 0.0244140625 0.0361328125
4 0.98681640625 0.3955078125 0.0263671875 0.025390625
4 0.92333984375 0.91357421875 0.0439453125 0.0185546875
4 0.97705078125 0.90771484375 0.0400390625 0.0263671875
4 0.29248046875 0.14208984375 0.0322265625 0.0537109375
4 0.7373046875 0.04443359375 0.046875 0.0322265625
4 0.74609375 0.08642578125 0.041015625 0.0263671875
4 0.79150390625 0.1103515625 0.0322265625 0.0234375
4 0.82568359375 0.10302734375 0.0322265625 0.0517578125
4 0.80078125 0.9296875 0.044921875 0.0234375
4 0.68017578125 0.9736328125 0.0341796875 0.041015625
4 0.8056640625 0.96728515625 0.041015625 0.0263671875
4 0.8505859375 0.10546875 0.02734375 0.0546875
4 0.97412109375 0.09814453125 0.0361328125 0.0302734375
4 0.8857421875 0.11962890625 0.037109375 0.0244140625
4 0.7197265625 0.0087890625 0.041015625 0.015625
4 0.96044921875 0.1796875 0.0400390625 0.03125
4 0.970703125 0.26416015625 0.03125 0.0439453125
4 0.9853515625 0.37060546875 0.029296875 0.0302734375
4 0.98828125 0.41845703125 0.0234375 0.0302734375
5 0.16259765625 0.37060546875 0.0966796875 0.0478515625
4 0.681640625 0.26513671875 0.01953125 0.0400390625
4 0.1484375 0.24072265625 0.03515625 0.0244140625
4 0.01123046875 0.21044921875 0.0205078125 0.0263671875
4 0.0146484375 0.232421875 0.02734375 0.025390625
4 0.01953125 0.27392578125 0.037109375 0.0263671875
4 0.009765625 0.34912109375 0.017578125 0.0244140625
4 0.08349609375 0.189453125 0.0419921875 0.02734375
4 0.10546875 0.2509765625 0.041015625 0.02734375
4 0.1591796875 0.279296875 0.041015625 0.029296875
4 0.59326171875 0.146484375 0.0361328125 0.017578125
4 0.7431640625 0.115234375 0.044921875 0.0234375
4 0.7265625 0.2578125 0.01953125 0.03515625
4 0.08984375 0.21044921875 0.0390625 0.0263671875
4 0.76708984375 0.255859375 0.0205078125 0.037109375
4 0.6962890625 0.33984375 0.021484375 0.044921875
4 0.70556640625 0.25927734375 0.0224609375 0.0419921875
4 0.7470703125 0.2568359375 0.017578125 0.037109375
4 0.7890625 0.259765625 0.0234375 0.04296875
4 0.73828125 0.3349609375 0.021484375 0.037109375
4 0.7578125 0.33349609375 0.01953125 0.0361328125
4 0.79736328125 0.330078125 0.0205078125 0.037109375
4 0.89111328125 0.36962890625 0.0224609375 0.0341796875
4 0.31884765625 0.15185546875 0.0224609375 0.0361328125
4 0.3486328125 0.1376953125 0.0234375 0.03515625
4 0.13916015625 0.22119140625 0.0380859375 0.0263671875
4 0.09912109375 0.23095703125 0.0439453125 0.0263671875
4 0.39794921875 0.12744140625 0.0185546875 0.0322265625
5 0.423828125 0.33544921875 0.05078125 0.0986328125
5 0.1640625 0.39892578125 0.09375 0.0498046875
5 0.14453125 0.96728515625 0.072265625 0.0439453125
5 0.59228515625 0.9345703125 0.0439453125 0.080078125
5 0.33642578125 0.71826171875 0.1025390625 0.0341796875
5 0.4599609375 0.70849609375 0.1015625 0.0380859375
5 0.5634765625 0.69580078125 0.095703125 0.0361328125
5 0.66162109375 0.6845703125 0.0966796875 0.03515625
5 0.759765625 0.66259765625 0.095703125 0.0615234375
5 0.8896484375 0.62841796875 0.041015625 0.0927734375
5 0.8701171875 0.98388671875 0.08203125 0.0302734375
5 0.3779296875 0.34228515625 0.052734375 0.0927734375
5 0.494140625 0.31982421875 0.03125 0.0927734375
4 0.1064453125 0.2734375 0.03515625 0.0234375
5 0.42431640625 0.21728515625 0.0791015625 0.0908203125
5 0.54736328125 0.19970703125 0.0927734375 0.0341796875
5 0.69775390625 0.193359375 0.0927734375 0.03125
4 0.00634765625 0.3291015625 0.0107421875 0.029296875
4 0.03125 0.31640625 0.041015625 0.02734375
4 0.02587890625 0.29541015625 0.0400390625 0.0283203125
4 0.015625 0.2548828125 0.029296875 0.025390625
4 0.37548828125 0.12939453125 0.0244140625 0.0341796875
4 0.80419921875 0.45263671875 0.0419921875 0.0205078125
4 0.8115234375 0.498046875 0.041015625 0.01953125
4 0.80322265625 0.47265625 0.0419921875 0.01953125
4 0.80419921875 0.4296875 0.0439453125 0.01953125
4 0.73974609375 0.9091796875 0.0224609375 0.044921875
4 0.3935546875 0.91943359375 0.0234375 0.0380859375
4 0.51708984375 0.94775390625 0.0283203125 0.0419921875
4 0.53759765625 0.93310546875 0.0224609375 0.0380859375
4 0.62841796875 0.92626953125 0.0302734375 0.0380859375
5 0.94873046875 0.62255859375 0.0400390625 0.0986328125
