4 0.95068359375 0.1142578125 0.0302734375 0.04296875
4 0.849609375 0.15234375 0.029296875 0.0390625
4 0.9306640625 0.1220703125 0.029296875 0.041015625
4 0.82666015625 0.15869140625 0.0283203125 0.0400390625
4 0.92529296875 0.32080078125 0.0380859375 0.0556640625
5 0.43359375 0.6669921875 0.1015625 0.146484375
5 0.6904296875 0.080078125 0.1484375 0.091796875
5 0.47900390625 0.833984375 0.0927734375 0.044921875
5 0.5146484375 0.85595703125 0.095703125 0.0419921875
5 0.6748046875 0.7138671875 0.08984375 0.078125
5 0.66943359375 0.85888671875 0.0498046875 0.0947265625
5 0.7333984375 0.8525390625 0.04296875 0.095703125
5 0.70458984375 0.861328125 0.0419921875 0.091796875
4 0.98486328125 0.83837890625 0.0244140625 0.0380859375
5 0.98828125 0.12109375 0.0234375 0.07421875
4 0.697265625 0.4169921875 0.048828125 0.03515625
4 0.7197265625 0.478515625 0.0390625 0.02734375
4 0.728515625 0.53125 0.0390625 0.025390625
4 0.80810546875 0.853515625 0.0244140625 0.03515625
4 0.8193359375 0.89013671875 0.025390625 0.0361328125
4 0.84912109375 0.8779296875 0.0224609375 0.03515625
4 0.8759765625 0.8681640625 0.021484375 0.037109375
4 0.8974609375 0.86767578125 0.01953125 0.0341796875
4 0.91748046875 0.85693359375 0.0263671875 0.0361328125
5 0.37890625 0.8544921875 0.09375 0.0390625
4 0.46533203125 0.9853515625 0.0439453125 0.025390625
4 0.45751953125 0.9638671875 0.0361328125 0.021484375
4 0.4736328125 0.99609375 0.044921875 0.0078125
5 0.59619140625 0.56787109375 0.1025390625 0.1474609375
5 0.677734375 0.52197265625 0.107421875 0.1494140625
5 0.6083984375 0.32666015625 0.130859375 0.1357421875
5 0.5390625 0.15087890625 0.134765625 0.1220703125
5 0.03759765625 0.2919921875 0.0732421875 0.107421875
5 0.1171875 0.27001953125 0.138671875 0.1201171875
5 0.146484375 0.24609375 0.111328125 0.1015625
5 0.27197265625 0.20947265625 0.1396484375 0.1220703125
5 0.2734375 0.43994140625 0.15234375 0.0830078125
5 0.41552734375 0.3818359375 0.1494140625 0.0859375
5 0.31982421875 0.72216796875 0.1044921875 0.1474609375
4 0.21630859375 0.09375 0.0380859375 0.04296875
4 0.0341796875 0.447265625 0.041015625 0.03515625
4 0.05029296875 0.4677734375 0.0439453125 0.037109375
5 0.39697265625 0.5732421875 0.1552734375 0.09765625
4 0.79248046875 0.88232421875 0.0322265625 0.0537109375
4 0.6484375 0.98095703125 0.03515625 0.0244140625
4 0.5009765625 0.95068359375 0.041015625 0.0263671875
4 0.50732421875 0.97265625 0.0419921875 0.025390625
4 0.58349609375 0.9296875 0.0419921875 0.02734375
4 0.60546875 0.98876953125 0.041015625 0.0224609375
4 0.58984375 0.95068359375 0.0390625 0.0263671875
4 0.81884765625 0.89208984375 0.0224609375 0.0361328125
4 0.8486328125 0.8779296875 0.0234375 0.03515625
4 0.63916015625 0.96142578125 0.0380859375 0.0263671875
4 0.59912109375 0.97119140625 0.0439453125 0.0263671875
4 0.89794921875 0.86767578125 0.0185546875 0.0322265625
5 0.92431640625 0.9560546875 0.0791015625 0.087890625
4 0.45751953125 0.96435546875 0.0380859375 0.0244140625
4 0.4658203125 0.986328125 0.04296875 0.025390625
4 0.47314453125 0.99560546875 0.0458984375 0.0087890625
4 0.51171875 0.9912109375 0.037109375 0.017578125
4 0.87548828125 0.86962890625 0.0244140625 0.0341796875
