4 0.95068359375 0.6142578125 0.0302734375 0.04296875
4 0.849609375 0.65234375 0.029296875 0.0390625
4 0.9306640625 0.6220703125 0.029296875 0.041015625
4 0.82666015625 0.65869140625 0.0283203125 0.0400390625
4 0.92529296875 0.82080078125 0.0380859375 0.0556640625
5 0.6904296875 0.580078125 0.1484375 0.091796875
5 0.98828125 0.62109375 0.0234375 0.07421875
4 0.697265625 0.9169921875 0.048828125 0.03515625
4 0.7197265625 0.978515625 0.0390625 0.02734375
5 0.59619140625 0.9970703125 0.1025390625 0.005859375
5 0.677734375 0.9736328125 0.107421875 0.052734375
5 0.6083984375 0.82666015625 0.130859375 0.1357421875
4 0.458984375 0.1279296875 0.04296875 0.041015625
4 0.49755859375 0.1005859375 0.0400390625 0.0390625
4 0.53759765625 0.0703125 0.0419921875 0.041015625
4 0.63671875 0.013671875 0.046875 0.025390625
4 0.572265625 0.001953125 0.044921875 0.001953125
5 0.966796875 0.36767578125 0.06640625 0.0771484375
4 0.353515625 0.10693359375 0.029296875 0.0400390625
4 0.37255859375 0.09814453125 0.0341796875 0.0419921875
4 0.38232421875 0.13232421875 0.0419921875 0.0361328125
4 0.4228515625 0.16259765625 0.048828125 0.0439453125
4 0.4501953125 0.1826171875 0.0390625 0.04296875
4 0.421875 0.095703125 0.04296875 0.037109375
4 0.45751953125 0.06884765625 0.0400390625 0.0380859375
4 0.45947265625 0.12744140625 0.0419921875 0.0400390625
5 0.9501953125 0.3388671875 0.076171875 0.064453125
4 0.53076171875 0.0185546875 0.0419921875 0.03515625
5 0.92626953125 0.31298828125 0.0712890625 0.0556640625
5 0.9130859375 0.2890625 0.068359375 0.056640625
5 0.9267578125 0.24560546875 0.076171875 0.0673828125
5 0.904296875 0.22119140625 0.080078125 0.0712890625
5 0.939453125 0.08203125 0.05078125 0.05859375
5 0.89111328125 0.1103515625 0.0458984375 0.052734375
4 0.45703125 0.068359375 0.0390625 0.0390625
4 0.44970703125 0.18310546875 0.0380859375 0.0439453125
4 0.49560546875 0.04248046875 0.0419921875 0.0361328125
5 0.5390625 0.65087890625 0.134765625 0.1220703125
5 0.03759765625 0.7919921875 0.0732421875 0.107421875
5 0.1171875 0.77001953125 0.138671875 0.1201171875
5 0.146484375 0.74609375 0.111328125 0.1015625
5 0.27197265625 0.70947265625 0.1396484375 0.1220703125
5 0.2734375 0.93994140625 0.15234375 0.0830078125
5 0.41552734375 0.8818359375 0.1494140625 0.0859375
4 0.21630859375 0.59375 0.0380859375 0.04296875
4 0.0341796875 0.947265625 0.041015625 0.03515625
4 0.05029296875 0.9677734375 0.0439453125 0.037109375
4 0.6513671875 0.03564453125 0.037109375 0.0322265625
4 0.5615234375 0.09228515625 0.0234375 0.0439453125
4 0.5458984375 0.11181640625 0.0234375 0.0458984375
4 0.52783203125 0.1240234375 0.0224609375 0.041015625
4 0.48291015625 0.15185546875 0.0283203125 0.0517578125
4 0.50732421875 0.13525390625 0.0302734375 0.0458984375
4 0.4658203125 0.17041015625 0.03125 0.0458984375
