10 0.2490234375 0.9462890625 0.34765625 0.107421875
4 0.85595703125 0.02099609375 0.0283203125 0.0400390625
4 0.82080078125 0.02001953125 0.0302734375 0.0380859375
4 0.794921875 0.04443359375 0.029296875 0.0478515625
4 0.87353515625 0.09765625 0.0322265625 0.05078125
4 0.88671875 0.14501953125 0.02734375 0.0439453125
4 0.8212890625 0.16943359375 0.03125 0.0478515625
4 0.8427734375 0.24462890625 0.029296875 0.0439453125
4 0.85595703125 0.30078125 0.0283203125 0.046875
4 0.94873046875 0.38916015625 0.0244140625 0.0439453125
4 0.86767578125 0.3466796875 0.0263671875 0.0390625
4 0.8759765625 0.388671875 0.02734375 0.041015625
3 0.15625 0.259765625 0.310546875 0.517578125
10 0.16796875 0.1513671875 0.333984375 0.30078125
4 0.9775390625 0.52783203125 0.033203125 0.0537109375
4 0.955078125 0.43359375 0.02734375 0.04296875
4 0.88720703125 0.435546875 0.0263671875 0.041015625
4 0.8876953125 0.49658203125 0.029296875 0.0439453125
4 0.89599609375 0.54150390625 0.0283203125 0.0458984375
4 0.93310546875 0.63037109375 0.0205078125 0.0400390625
4 0.97265625 0.8203125 0.029296875 0.044921875
4 0.98828125 0.9111328125 0.021484375 0.044921875
4 0.9833984375 0.86328125 0.029296875 0.04296875
10 0.2197265625 0.5068359375 0.4375 0.759765625
10 0.56591796875 0.93017578125 0.3271484375 0.1396484375
10 0.716796875 0.56689453125 0.345703125 0.2587890625
10 0.671875 0.38037109375 0.34375 0.2568359375
10 0.626953125 0.19384765625 0.34375 0.2568359375
10 0.58203125 0.06787109375 0.345703125 0.1337890625
