4 0.64697265625 0.986328125 0.0498046875 0.02734375
4 0.74755859375 0.98681640625 0.0439453125 0.0263671875
4 0.7431640625 0.9697265625 0.048828125 0.037109375
4 0.73583984375 0.9501953125 0.0478515625 0.03515625
4 0.7255859375 0.931640625 0.044921875 0.03515625
4 0.712890625 0.91064453125 0.046875 0.0361328125
4 0.76513671875 0.91259765625 0.0478515625 0.0341796875
4 0.7509765625 0.89501953125 0.041015625 0.0361328125
4 0.73291015625 0.85791015625 0.0439453125 0.0341796875
4 0.7197265625 0.83740234375 0.046875 0.0380859375
4 0.0537109375 0.79638671875 0.04296875 0.0244140625
4 0.09912109375 0.78662109375 0.0400390625 0.0244140625
4 0.1748046875 0.82666015625 0.037109375 0.0224609375
4 0.111328125 0.7001953125 0.041015625 0.03515625
4 0.20703125 0.6494140625 0.046875 0.0390625
4 0.22412109375 0.6728515625 0.0517578125 0.0390625
4 0.3271484375 0.6123046875 0.0390625 0.046875
4 0.03662109375 0.36962890625 0.0400390625 0.0361328125
