5 0.833984375 0.61279296875 0.04296875 0.0751953125
5 0.37939453125 0.75390625 0.0458984375 0.08203125
4 0.5771484375 0.75830078125 0.044921875 0.0283203125
4 0.66162109375 0.7177734375 0.0419921875 0.029296875
4 0.61962890625 0.724609375 0.0517578125 0.03125
4 0.57275390625 0.73583984375 0.0498046875 0.0302734375
4 0.40185546875 0.97314453125 0.0439453125 0.0283203125
4 0.49462890625 0.9580078125 0.0458984375 0.02734375
4 0.47900390625 0.87890625 0.0458984375 0.02734375
4 0.4775390625 0.85888671875 0.044921875 0.0263671875
4 0.39599609375 0.95166015625 0.0380859375 0.0283203125
4 0.384765625 0.91943359375 0.041015625 0.0283203125
4 0.38427734375 0.89990234375 0.0419921875 0.0283203125
4 0.30322265625 0.75830078125 0.0283203125 0.0478515625
4 0.32666015625 0.75341796875 0.0302734375 0.0498046875
4 0.15576171875 0.78662109375 0.0380859375 0.0205078125
4 0.69580078125 0.70751953125 0.0341796875 0.0263671875
4 0.61962890625 0.7470703125 0.0498046875 0.02734375
4 0.6689453125 0.73828125 0.05078125 0.029296875
4 0.49658203125 0.9775390625 0.0439453125 0.029296875
4 0.85791015625 0.728515625 0.0283203125 0.046875
5 0.88427734375 0.85693359375 0.0322265625 0.0556640625
4 0.8251953125 0.97314453125 0.05078125 0.0263671875
4 0.8203125 0.94970703125 0.044921875 0.0283203125
4 0.81640625 0.9296875 0.0390625 0.0234375
4 0.81494140625 0.90478515625 0.0419921875 0.0224609375
4 0.7529296875 0.72021484375 0.046875 0.0283203125
4 0.71142578125 0.7294921875 0.0439453125 0.029296875
4 0.59423828125 0.6787109375 0.0439453125 0.02734375
4 0.75634765625 0.62646484375 0.0478515625 0.0263671875
4 0.70849609375 0.6416015625 0.0458984375 0.02734375
4 0.6640625 0.64697265625 0.04296875 0.0244140625
4 0.6220703125 0.65234375 0.044921875 0.025390625
4 0.58154296875 0.6611328125 0.0400390625 0.025390625
4 0.7548828125 0.60302734375 0.044921875 0.0283203125
4 0.70751953125 0.61181640625 0.0419921875 0.0283203125
4 0.66943359375 0.62109375 0.0439453125 0.02734375
4 0.62744140625 0.63134765625 0.0439453125 0.0263671875
4 0.58349609375 0.63720703125 0.0439453125 0.0244140625
4 0.54541015625 0.67041015625 0.0419921875 0.0283203125
4 0.521484375 0.60693359375 0.052734375 0.0302734375
4 0.337890625 0.703125 0.060546875 0.037109375
4 0.75244140625 0.26123046875 0.0302734375 0.0478515625
4 0.826171875 0.296875 0.029296875 0.05078125
4 0.81005859375 0.23095703125 0.0341796875 0.0556640625
4 0.798828125 0.17578125 0.029296875 0.044921875
4 0.78759765625 0.125 0.0302734375 0.044921875
4 0.65576171875 0.22119140625 0.0458984375 0.0283203125
4 0.61474609375 0.0927734375 0.0263671875 0.04296875
4 0.71044921875 0.02978515625 0.0263671875 0.0400390625
4 0.55712890625 0.69384765625 0.0400390625 0.0244140625
4 0.6357421875 0.67236328125 0.044921875 0.0283203125
4 0.6767578125 0.66650390625 0.04296875 0.0263671875
4 0.953125 0.00732421875 0.046875 0.0126953125
4 0.9599609375 0.03662109375 0.041015625 0.0205078125
4 0.966796875 0.0556640625 0.048828125 0.03125
4 0.84716796875 0.67822265625 0.0283203125 0.0458984375
4 0.7802734375 0.6943359375 0.048828125 0.021484375
4 0.736328125 0.70068359375 0.048828125 0.0263671875
4 0.77685546875 0.66796875 0.0419921875 0.025390625
4 0.734375 0.67626953125 0.05078125 0.0283203125
4 0.68994140625 0.68603515625 0.0498046875 0.0283203125
4 0.6494140625 0.693359375 0.044921875 0.029296875
4 0.6064453125 0.7041015625 0.046875 0.029296875
4 0.76171875 0.65185546875 0.041015625 0.0263671875
4 0.7216796875 0.658203125 0.044921875 0.0234375
