4 0.70068359375 0.1494140625 0.0341796875 0.05859375
4 0.73828125 0.3115234375 0.033203125 0.05078125
4 0.82861328125 0.408203125 0.0302734375 0.046875
4 0.84521484375 0.47314453125 0.0322265625 0.0498046875
4 0.85595703125 0.51904296875 0.0283203125 0.0439453125
4 0.82080078125 0.51708984375 0.0302734375 0.0439453125
4 0.794921875 0.54443359375 0.029296875 0.0478515625
4 0.87353515625 0.59765625 0.0322265625 0.05078125
4 0.88671875 0.64501953125 0.02734375 0.0439453125
4 0.8212890625 0.66943359375 0.03125 0.0478515625
4 0.8427734375 0.74462890625 0.029296875 0.0439453125
4 0.85595703125 0.80078125 0.0283203125 0.046875
4 0.94873046875 0.88916015625 0.0244140625 0.0439453125
4 0.86767578125 0.8466796875 0.0263671875 0.0390625
4 0.8759765625 0.888671875 0.02734375 0.041015625
3 0.15625 0.50048828125 0.310546875 0.9990234375
10 0.16796875 0.4013671875 0.333984375 0.80078125
10 0.10888671875 0.02783203125 0.2158203125 0.0537109375
4 0.955078125 0.93359375 0.02734375 0.04296875
4 0.88720703125 0.935546875 0.0263671875 0.041015625
4 0.8876953125 0.9873046875 0.029296875 0.025390625
10 0.2197265625 0.8134765625 0.4375 0.373046875
10 0.716796875 0.96875 0.345703125 0.0625
10 0.671875 0.8759765625 0.34375 0.248046875
10 0.626953125 0.69384765625 0.34375 0.2568359375
10 0.58203125 0.5078125 0.345703125 0.25390625
10 0.53759765625 0.32080078125 0.3447265625 0.2548828125
10 0.4921875 0.13330078125 0.345703125 0.2568359375
10 0.44677734375 0.0380859375 0.3466796875 0.07421875
