4 0.69091796875 0.10693359375 0.0478515625 0.0361328125
4 0.78955078125 0.37939453125 0.0478515625 0.0263671875
4 0.77978515625 0.35595703125 0.0478515625 0.0263671875
4 0.771484375 0.33056640625 0.046875 0.0283203125
4 0.5419921875 0.39794921875 0.041015625 0.0224609375
4 0.646484375 0.3642578125 0.029296875 0.041015625
4 0.744140625 0.23046875 0.0390625 0.029296875
4 0.59619140625 0.2216796875 0.0361328125 0.0546875
4 0.755859375 0.2744140625 0.041015625 0.029296875
4 0.7373046875 0.2099609375 0.04296875 0.033203125
4 0.72900390625 0.19140625 0.0458984375 0.03515625
4 0.72314453125 0.169921875 0.0458984375 0.037109375
4 0.7138671875 0.1494140625 0.044921875 0.03515625
4 0.70166015625 0.1279296875 0.0478515625 0.03515625
4 0.47265625 0.1806640625 0.037109375 0.046875
4 0.47412109375 0.1318359375 0.0224609375 0.04296875
4 0.55126953125 0.12451171875 0.0361328125 0.0498046875
4 0.7958984375 0.0888671875 0.04296875 0.029296875
4 0.67919921875 0.06982421875 0.0478515625 0.0361328125
4 0.67041015625 0.05078125 0.0458984375 0.03515625
4 0.78369140625 0.07080078125 0.0478515625 0.0341796875
4 0.77734375 0.04833984375 0.048828125 0.0341796875
4 0.76953125 0.025390625 0.048828125 0.03125
4 0.66162109375 0.03173828125 0.0439453125 0.0361328125
4 0.64697265625 0.00634765625 0.0498046875 0.0107421875
4 0.74755859375 0.00341796875 0.0439453125 0.0048828125
4 0.7880859375 0.40380859375 0.04296875 0.0302734375
5 0.97265625 0.39990234375 0.0546875 0.0283203125
4 0.83837890625 0.208984375 0.0439453125 0.03125
4 0.83251953125 0.189453125 0.0458984375 0.033203125
4 0.888671875 0.1162109375 0.03515625 0.056640625
4 0.904296875 0.18701171875 0.0390625 0.0693359375
4 0.80615234375 0.107421875 0.0439453125 0.03125
4 0.81103515625 0.126953125 0.0498046875 0.03515625
4 0.81787109375 0.14794921875 0.0458984375 0.0322265625
4 0.8271484375 0.16796875 0.041015625 0.03125
4 0.54541015625 0.42626953125 0.0458984375 0.0302734375
4 0.50048828125 0.20947265625 0.0419921875 0.0185546875
4 0.5224609375 0.30859375 0.029296875 0.0390625
4 0.75244140625 0.82080078125 0.0302734375 0.0478515625
4 0.826171875 0.8564453125 0.029296875 0.05078125
4 0.81005859375 0.79052734375 0.0341796875 0.0556640625
4 0.798828125 0.7353515625 0.029296875 0.044921875
4 0.78759765625 0.6845703125 0.0302734375 0.044921875
4 0.65576171875 0.78076171875 0.0458984375 0.0283203125
4 0.61474609375 0.65234375 0.0263671875 0.04296875
4 0.71044921875 0.58935546875 0.0263671875 0.0400390625
4 0.689453125 0.51123046875 0.02734375 0.0400390625
4 0.791015625 0.4267578125 0.046875 0.033203125
4 0.953125 0.55859375 0.046875 0.029296875
4 0.9599609375 0.59619140625 0.041015625 0.0205078125
4 0.966796875 0.615234375 0.048828125 0.03125
