4 0.19091796875 0.10693359375 0.0478515625 0.0361328125
4 0.28955078125 0.37939453125 0.0478515625 0.0263671875
4 0.27978515625 0.35595703125 0.0478515625 0.0263671875
4 0.271484375 0.33056640625 0.046875 0.0283203125
4 0.0419921875 0.39794921875 0.041015625 0.0224609375
4 0.146484375 0.3642578125 0.029296875 0.041015625
4 0.244140625 0.23046875 0.0390625 0.029296875
4 0.09619140625 0.2216796875 0.0361328125 0.0546875
4 0.255859375 0.2744140625 0.041015625 0.029296875
4 0.2373046875 0.2099609375 0.04296875 0.033203125
4 0.22900390625 0.19140625 0.0458984375 0.03515625
4 0.22314453125 0.169921875 0.0458984375 0.037109375
4 0.2138671875 0.1494140625 0.044921875 0.03515625
4 0.20166015625 0.1279296875 0.0478515625 0.03515625
4 0.05126953125 0.12451171875 0.0361328125 0.0498046875
4 0.2958984375 0.0888671875 0.04296875 0.029296875
4 0.17919921875 0.06982421875 0.0478515625 0.0361328125
4 0.17041015625 0.05078125 0.0458984375 0.03515625
4 0.28369140625 0.07080078125 0.0478515625 0.0341796875
4 0.27734375 0.04833984375 0.048828125 0.0341796875
4 0.26953125 0.025390625 0.048828125 0.03125
4 0.16162109375 0.03173828125 0.0439453125 0.0361328125
4 0.14697265625 0.00634765625 0.0498046875 0.0107421875
4 0.24755859375 0.00341796875 0.0439453125 0.0048828125
4 0.2880859375 0.40380859375 0.04296875 0.0302734375
5 0.47314453125 0.39990234375 0.0556640625 0.0283203125
4 0.33837890625 0.208984375 0.0439453125 0.03125
4 0.33251953125 0.189453125 0.0458984375 0.033203125
4 0.388671875 0.1162109375 0.03515625 0.056640625
4 0.404296875 0.18701171875 0.0390625 0.0693359375
4 0.30615234375 0.107421875 0.0439453125 0.03125
4 0.31103515625 0.126953125 0.0498046875 0.03515625
4 0.31787109375 0.14794921875 0.0458984375 0.0322265625
4 0.3271484375 0.16796875 0.041015625 0.03125
4 0.04541015625 0.42626953125 0.0458984375 0.0302734375
4 0.01123046875 0.20947265625 0.0205078125 0.0185546875
4 0.0224609375 0.30859375 0.029296875 0.0390625
4 0.25244140625 0.82080078125 0.0302734375 0.0478515625
4 0.326171875 0.8564453125 0.029296875 0.05078125
4 0.31005859375 0.79052734375 0.0341796875 0.0556640625
4 0.298828125 0.7353515625 0.029296875 0.044921875
4 0.28759765625 0.6845703125 0.0302734375 0.044921875
4 0.15576171875 0.78076171875 0.0458984375 0.0283203125
4 0.11474609375 0.65234375 0.0263671875 0.04296875
4 0.21044921875 0.58935546875 0.0263671875 0.0400390625
4 0.189453125 0.51123046875 0.02734375 0.0400390625
4 0.291015625 0.4267578125 0.046875 0.033203125
4 0.453125 0.55859375 0.046875 0.029296875
4 0.4599609375 0.59619140625 0.041015625 0.0205078125
4 0.466796875 0.615234375 0.048828125 0.03125
