10 0.2490234375 0.59912109375 0.34765625 0.4130859375
10 0.5859375 0.66259765625 0.330078125 0.2197265625
3 0.15625 0.009765625 0.310546875 0.017578125
4 0.9775390625 0.02783203125 0.033203125 0.0537109375
4 0.8876953125 0.009765625 0.029296875 0.017578125
4 0.89599609375 0.04150390625 0.0283203125 0.0458984375
4 0.93310546875 0.13037109375 0.0205078125 0.0400390625
4 0.97265625 0.3203125 0.029296875 0.044921875
4 0.98828125 0.4111328125 0.021484375 0.044921875
4 0.9833984375 0.36328125 0.029296875 0.04296875
10 0.2197265625 0.19384765625 0.4375 0.3857421875
10 0.56591796875 0.47021484375 0.3271484375 0.2197265625
10 0.716796875 0.0986328125 0.345703125 0.1953125
10 0.671875 0.0048828125 0.34375 0.0078125
