3 0.3603515625 0.50048828125 0.71875 0.9990234375
10 0.3720703125 0.4013671875 0.7421875 0.80078125
10 0.31298828125 0.02783203125 0.6240234375 0.0537109375
10 0.423828125 0.8134765625 0.845703125 0.373046875
10 0.97607421875 0.96875 0.0478515625 0.0625
10 0.9541015625 0.8759765625 0.091796875 0.248046875
10 0.931640625 0.69384765625 0.13671875 0.2568359375
10 0.90869140625 0.5078125 0.1826171875 0.25390625
10 0.88671875 0.32080078125 0.2265625 0.2548828125
10 0.86376953125 0.13330078125 0.2724609375 0.2568359375
10 0.8408203125 0.0380859375 0.318359375 0.07421875
