10 0.2490234375 0.53955078125 0.34765625 0.4130859375
10 0.5859375 0.60302734375 0.330078125 0.2197265625
4 0.89599609375 0.0029296875 0.0283203125 0.00390625
4 0.93310546875 0.07080078125 0.0205078125 0.0400390625
4 0.97265625 0.2607421875 0.029296875 0.044921875
4 0.98828125 0.3515625 0.021484375 0.044921875
4 0.9833984375 0.3037109375 0.029296875 0.04296875
10 0.2197265625 0.1640625 0.4375 0.326171875
10 0.56591796875 0.41064453125 0.3271484375 0.2197265625
10 0.716796875 0.06884765625 0.345703125 0.1357421875
