3 0.76904296875 0.66845703125 0.4619140625 0.6630859375
10 0.8095703125 0.99853515625 0.380859375 0.0029296875
10 0.9931640625 0.59228515625 0.013671875 0.8154296875
4 0.6220703125 0.02685546875 0.0234375 0.0458984375
4 0.591796875 0.02880859375 0.029296875 0.0478515625
4 0.51171875 0.046875 0.029296875 0.046875
4 0.4892578125 0.048828125 0.02734375 0.046875
4 0.4462890625 0.048828125 0.033203125 0.046875
4 0.42431640625 0.0546875 0.0283203125 0.044921875
4 0.25146484375 0.0869140625 0.0283203125 0.046875
4 0.203125 0.0908203125 0.029296875 0.046875
4 0.14013671875 0.10205078125 0.0400390625 0.0458984375
4 0.0224609375 0.2470703125 0.04296875 0.025390625
4 0.05029296875 0.11279296875 0.0458984375 0.0361328125
10 0.56982421875 0.64794921875 0.6591796875 0.7041015625
4 0.216796875 0.04248046875 0.02734375 0.0439453125
4 0.923828125 0.044921875 0.0390625 0.02734375
