5 0.833984375 0.67236328125 0.04296875 0.0751953125
5 0.37939453125 0.8134765625 0.0458984375 0.08203125
4 0.5771484375 0.81787109375 0.044921875 0.0283203125
4 0.66162109375 0.77734375 0.0419921875 0.029296875
4 0.61962890625 0.7841796875 0.0517578125 0.03125
4 0.57275390625 0.79541015625 0.0498046875 0.0302734375
4 0.47900390625 0.9384765625 0.0458984375 0.02734375
4 0.4775390625 0.91845703125 0.044921875 0.0263671875
4 0.39599609375 0.99853515625 0.0380859375 0.0029296875
4 0.384765625 0.97900390625 0.041015625 0.0283203125
4 0.38427734375 0.95947265625 0.0419921875 0.0283203125
4 0.30322265625 0.81787109375 0.0283203125 0.0478515625
4 0.32666015625 0.81298828125 0.0302734375 0.0498046875
4 0.15576171875 0.84619140625 0.0380859375 0.0205078125
4 0.69580078125 0.76708984375 0.0341796875 0.0263671875
4 0.61962890625 0.806640625 0.0498046875 0.02734375
4 0.6689453125 0.7978515625 0.05078125 0.029296875
4 0.85791015625 0.7880859375 0.0283203125 0.046875
5 0.88427734375 0.91650390625 0.0322265625 0.0556640625
4 0.8203125 0.99755859375 0.044921875 0.0048828125
4 0.81640625 0.98876953125 0.0390625 0.0224609375
4 0.81494140625 0.96435546875 0.0419921875 0.0224609375
4 0.7529296875 0.77978515625 0.046875 0.0283203125
4 0.71142578125 0.7890625 0.0439453125 0.029296875
4 0.59423828125 0.73828125 0.0439453125 0.02734375
4 0.75634765625 0.68603515625 0.0478515625 0.0263671875
4 0.70849609375 0.701171875 0.0458984375 0.02734375
4 0.6640625 0.70654296875 0.04296875 0.0244140625
4 0.6220703125 0.7119140625 0.044921875 0.025390625
4 0.58154296875 0.720703125 0.0400390625 0.025390625
4 0.7548828125 0.66259765625 0.044921875 0.0283203125
4 0.70751953125 0.67138671875 0.0419921875 0.0283203125
4 0.66943359375 0.6806640625 0.0439453125 0.02734375
4 0.62744140625 0.69091796875 0.0439453125 0.0263671875
4 0.58349609375 0.69677734375 0.0439453125 0.0244140625
4 0.54541015625 0.72998046875 0.0419921875 0.0283203125
4 0.521484375 0.66650390625 0.052734375 0.0302734375
4 0.337890625 0.7626953125 0.060546875 0.037109375
4 0.75244140625 0.32080078125 0.0302734375 0.0478515625
4 0.826171875 0.3564453125 0.029296875 0.05078125
4 0.81005859375 0.29052734375 0.0341796875 0.0556640625
4 0.798828125 0.2353515625 0.029296875 0.044921875
4 0.78759765625 0.1845703125 0.0302734375 0.044921875
4 0.65576171875 0.28076171875 0.0458984375 0.0283203125
4 0.61474609375 0.15234375 0.0263671875 0.04296875
4 0.71044921875 0.08935546875 0.0263671875 0.0400390625
4 0.689453125 0.01611328125 0.02734375 0.0302734375
4 0.55712890625 0.75341796875 0.0400390625 0.0244140625
4 0.6357421875 0.73193359375 0.044921875 0.0283203125
4 0.6767578125 0.72607421875 0.04296875 0.0263671875
4 0.953125 0.05859375 0.046875 0.029296875
4 0.9599609375 0.09619140625 0.041015625 0.0205078125
4 0.966796875 0.115234375 0.048828125 0.03125
4 0.84716796875 0.73779296875 0.0283203125 0.0458984375
4 0.7802734375 0.75390625 0.048828125 0.021484375
4 0.736328125 0.76025390625 0.048828125 0.0263671875
4 0.77685546875 0.7275390625 0.0419921875 0.025390625
4 0.734375 0.73583984375 0.05078125 0.0283203125
4 0.68994140625 0.74560546875 0.0498046875 0.0283203125
4 0.6494140625 0.7529296875 0.044921875 0.029296875
4 0.6064453125 0.763671875 0.046875 0.029296875
4 0.76171875 0.71142578125 0.041015625 0.0263671875
4 0.7216796875 0.7177734375 0.044921875 0.0234375
