3 0.51904296875 0.66845703125 0.9619140625 0.6630859375
10 0.5595703125 0.99853515625 0.880859375 0.0029296875
10 0.7431640625 0.59228515625 0.513671875 0.8154296875
4 0.1220703125 0.02685546875 0.0234375 0.0458984375
4 0.091796875 0.02880859375 0.029296875 0.0478515625
4 0.013671875 0.046875 0.025390625 0.046875
4 0.001953125 0.048828125 0.001953125 0.046875
10 0.2001953125 0.64794921875 0.3984375 0.7041015625
4 0.5791015625 0.0478515625 0.05078125 0.029296875
4 0.59423828125 0.01220703125 0.0419921875 0.0224609375
4 0.423828125 0.044921875 0.0390625 0.02734375
