4 0.19091796875 0.60693359375 0.0478515625 0.0361328125
4 0.28955078125 0.87939453125 0.0478515625 0.0263671875
4 0.27978515625 0.85595703125 0.0478515625 0.0263671875
4 0.271484375 0.83056640625 0.046875 0.0283203125
4 0.0419921875 0.89794921875 0.041015625 0.0224609375
4 0.146484375 0.8642578125 0.029296875 0.041015625
4 0.244140625 0.73046875 0.0390625 0.029296875
4 0.09619140625 0.7216796875 0.0361328125 0.0546875
4 0.255859375 0.7744140625 0.041015625 0.029296875
4 0.2373046875 0.7099609375 0.04296875 0.033203125
4 0.22900390625 0.69140625 0.0458984375 0.03515625
4 0.22314453125 0.669921875 0.0458984375 0.037109375
4 0.2138671875 0.6494140625 0.044921875 0.03515625
4 0.20166015625 0.6279296875 0.0478515625 0.03515625
4 0.05126953125 0.62451171875 0.0361328125 0.0498046875
4 0.2958984375 0.5888671875 0.04296875 0.029296875
4 0.17919921875 0.56982421875 0.0478515625 0.0361328125
4 0.17041015625 0.55078125 0.0458984375 0.03515625
4 0.28369140625 0.57080078125 0.0478515625 0.0341796875
4 0.27734375 0.54833984375 0.048828125 0.0341796875
4 0.26953125 0.525390625 0.048828125 0.03125
4 0.16162109375 0.53173828125 0.0439453125 0.0361328125
4 0.14697265625 0.4921875 0.0498046875 0.0390625
4 0.24755859375 0.48974609375 0.0439453125 0.0322265625
4 0.2431640625 0.4697265625 0.048828125 0.037109375
4 0.23583984375 0.4501953125 0.0478515625 0.03515625
4 0.2880859375 0.90380859375 0.04296875 0.0302734375
5 0.47314453125 0.89990234375 0.0556640625 0.0283203125
4 0.33837890625 0.708984375 0.0439453125 0.03125
4 0.33251953125 0.689453125 0.0458984375 0.033203125
4 0.388671875 0.6162109375 0.03515625 0.056640625
4 0.404296875 0.68701171875 0.0390625 0.0693359375
4 0.30615234375 0.607421875 0.0439453125 0.03125
4 0.31103515625 0.626953125 0.0498046875 0.03515625
4 0.31787109375 0.64794921875 0.0458984375 0.0322265625
4 0.3271484375 0.66796875 0.041015625 0.03125
4 0.2255859375 0.431640625 0.044921875 0.03515625
4 0.212890625 0.41064453125 0.046875 0.0361328125
4 0.26513671875 0.41259765625 0.0478515625 0.0341796875
10 0.8701171875 0.10107421875 0.259765625 0.2001953125
4 0.2509765625 0.39501953125 0.041015625 0.0361328125
4 0.23291015625 0.35791015625 0.0439453125 0.0341796875
4 0.2197265625 0.33740234375 0.046875 0.0380859375
4 0.04541015625 0.92626953125 0.0458984375 0.0302734375
4 0.01123046875 0.70947265625 0.0205078125 0.0185546875
4 0.0224609375 0.80859375 0.029296875 0.0390625
4 0.189453125 0.99560546875 0.02734375 0.0087890625
4 0.291015625 0.9267578125 0.046875 0.033203125
