4 0.14697265625 0.986328125 0.0498046875 0.02734375
4 0.24755859375 0.98681640625 0.0439453125 0.0263671875
4 0.2431640625 0.9697265625 0.048828125 0.037109375
4 0.23583984375 0.9501953125 0.0478515625 0.03515625
4 0.2255859375 0.931640625 0.044921875 0.03515625
4 0.212890625 0.91064453125 0.046875 0.0361328125
4 0.26513671875 0.91259765625 0.0478515625 0.0341796875
10 0.8701171875 0.35107421875 0.259765625 0.7001953125
4 0.2509765625 0.89501953125 0.041015625 0.0361328125
4 0.23291015625 0.85791015625 0.0439453125 0.0341796875
4 0.2197265625 0.83740234375 0.046875 0.0380859375
