4 0.99853515625 0.046875 0.0029296875 0.046875
4 0.98779296875 0.048828125 0.0244140625 0.046875
4 0.9462890625 0.048828125 0.033203125 0.046875
4 0.92431640625 0.0546875 0.0283203125 0.044921875
4 0.75146484375 0.0869140625 0.0283203125 0.046875
4 0.703125 0.0908203125 0.029296875 0.046875
4 0.64013671875 0.10205078125 0.0400390625 0.0458984375
4 0.51904296875 0.2470703125 0.0498046875 0.025390625
4 0.55029296875 0.11279296875 0.0458984375 0.0361328125
4 0.47216796875 0.10498046875 0.0263671875 0.0400390625
10 0.8701171875 0.64794921875 0.259765625 0.7041015625
4 0.37548828125 0.279296875 0.0439453125 0.021484375
4 0.4052734375 0.12548828125 0.04296875 0.0224609375
4 0.32421875 0.1533203125 0.044921875 0.025390625
4 0.27392578125 0.162109375 0.0419921875 0.0390625
4 0.142578125 0.1923828125 0.037109375 0.021484375
4 0.0966796875 0.197265625 0.048828125 0.02734375
4 0.01708984375 0.18896484375 0.0283203125 0.0498046875
4 0.716796875 0.04248046875 0.02734375 0.0439453125
4 0.13671875 0.171875 0.033203125 0.021484375
5 0.06201171875 0.271484375 0.0966796875 0.041015625
