4 0.6474609375 0.43701171875 0.029296875 0.0517578125
4 0.70068359375 0.6494140625 0.0341796875 0.05859375
4 0.73828125 0.8115234375 0.033203125 0.05078125
4 0.82861328125 0.908203125 0.0302734375 0.046875
4 0.84521484375 0.97314453125 0.0322265625 0.0498046875
4 0.85595703125 0.99853515625 0.0283203125 0.0029296875
4 0.82080078125 0.99755859375 0.0302734375 0.0048828125
3 0.15625 0.50048828125 0.310546875 0.9990234375
10 0.16796875 0.74853515625 0.333984375 0.5029296875
10 0.10888671875 0.27783203125 0.2158203125 0.5537109375
4 0.716796875 0.001953125 0.02734375 0.001953125
4 0.70947265625 0.0234375 0.0283203125 0.044921875
4 0.69873046875 0.08203125 0.0283203125 0.0546875
4 0.97705078125 0.28173828125 0.0439453125 0.0322265625
4 0.93603515625 0.29833984375 0.0439453125 0.0302734375
4 0.89208984375 0.31640625 0.0458984375 0.033203125
4 0.87744140625 0.35498046875 0.0419921875 0.0302734375
5 0.6767578125 0.28857421875 0.033203125 0.0498046875
5 0.6337890625 0.35302734375 0.029296875 0.0771484375
10 0.58203125 0.9404296875 0.345703125 0.119140625
10 0.53759765625 0.82080078125 0.3447265625 0.2548828125
10 0.4921875 0.63330078125 0.345703125 0.2568359375
10 0.44677734375 0.44775390625 0.3466796875 0.2548828125
10 0.40283203125 0.26171875 0.3427734375 0.25390625
10 0.33544921875 0.095703125 0.3818359375 0.189453125
