4 0.69091796875 0.60693359375 0.0478515625 0.0361328125
4 0.78955078125 0.87939453125 0.0478515625 0.0263671875
4 0.77978515625 0.85595703125 0.0478515625 0.0263671875
4 0.771484375 0.83056640625 0.046875 0.0283203125
4 0.5419921875 0.89794921875 0.041015625 0.0224609375
4 0.646484375 0.8642578125 0.029296875 0.041015625
4 0.744140625 0.73046875 0.0390625 0.029296875
4 0.59619140625 0.7216796875 0.0361328125 0.0546875
4 0.755859375 0.7744140625 0.041015625 0.029296875
4 0.7373046875 0.7099609375 0.04296875 0.033203125
4 0.72900390625 0.69140625 0.0458984375 0.03515625
4 0.72314453125 0.669921875 0.0458984375 0.037109375
4 0.7138671875 0.6494140625 0.044921875 0.03515625
4 0.70166015625 0.6279296875 0.0478515625 0.03515625
4 0.47265625 0.6806640625 0.037109375 0.046875
4 0.47412109375 0.6318359375 0.0224609375 0.04296875
4 0.55126953125 0.62451171875 0.0361328125 0.0498046875
4 0.7958984375 0.5888671875 0.04296875 0.029296875
4 0.67919921875 0.56982421875 0.0478515625 0.0361328125
4 0.67041015625 0.55078125 0.0458984375 0.03515625
4 0.78369140625 0.57080078125 0.0478515625 0.0341796875
4 0.77734375 0.54833984375 0.048828125 0.0341796875
4 0.76953125 0.525390625 0.048828125 0.03125
4 0.66162109375 0.53173828125 0.0439453125 0.0361328125
4 0.64697265625 0.4921875 0.0498046875 0.0390625
4 0.74755859375 0.48974609375 0.0439453125 0.0322265625
4 0.7431640625 0.4697265625 0.048828125 0.037109375
4 0.73583984375 0.4501953125 0.0478515625 0.03515625
4 0.7880859375 0.90380859375 0.04296875 0.0302734375
5 0.97265625 0.89990234375 0.0546875 0.0283203125
4 0.83837890625 0.708984375 0.0439453125 0.03125
4 0.83251953125 0.689453125 0.0458984375 0.033203125
4 0.888671875 0.6162109375 0.03515625 0.056640625
4 0.904296875 0.68701171875 0.0390625 0.0693359375
4 0.80615234375 0.607421875 0.0439453125 0.03125
4 0.81103515625 0.626953125 0.0498046875 0.03515625
4 0.81787109375 0.64794921875 0.0458984375 0.0322265625
4 0.8271484375 0.66796875 0.041015625 0.03125
4 0.7255859375 0.431640625 0.044921875 0.03515625
4 0.712890625 0.41064453125 0.046875 0.0361328125
4 0.76513671875 0.41259765625 0.0478515625 0.0341796875
4 0.7509765625 0.39501953125 0.041015625 0.0361328125
4 0.73291015625 0.35791015625 0.0439453125 0.0341796875
4 0.7197265625 0.33740234375 0.046875 0.0380859375
4 0.0537109375 0.29638671875 0.04296875 0.0244140625
4 0.09912109375 0.28662109375 0.0400390625 0.0244140625
4 0.1748046875 0.32666015625 0.037109375 0.0224609375
4 0.111328125 0.2001953125 0.041015625 0.03515625
4 0.20703125 0.1494140625 0.046875 0.0390625
4 0.22412109375 0.1728515625 0.0517578125 0.0390625
4 0.3271484375 0.1123046875 0.0390625 0.046875
4 0.54541015625 0.92626953125 0.0458984375 0.0302734375
4 0.50048828125 0.70947265625 0.0419921875 0.0185546875
4 0.5224609375 0.80859375 0.029296875 0.0390625
4 0.689453125 0.99560546875 0.02734375 0.0087890625
4 0.791015625 0.9267578125 0.046875 0.033203125
