4 0.9970703125 0.2470703125 0.005859375 0.025390625
4 0.97216796875 0.10498046875 0.0263671875 0.0400390625
4 0.87548828125 0.279296875 0.0439453125 0.021484375
4 0.9052734375 0.12548828125 0.04296875 0.0224609375
4 0.82421875 0.1533203125 0.044921875 0.025390625
4 0.77392578125 0.162109375 0.0419921875 0.0390625
4 0.642578125 0.1923828125 0.037109375 0.021484375
4 0.5966796875 0.197265625 0.048828125 0.02734375
4 0.435546875 0.21728515625 0.025390625 0.0400390625
4 0.39013671875 0.21240234375 0.0263671875 0.0458984375
4 0.51708984375 0.18896484375 0.0283203125 0.0498046875
4 0.05810546875 0.17041015625 0.0302734375 0.0439453125
4 0.0693359375 0.12548828125 0.03125 0.0458984375
4 0.13525390625 0.06298828125 0.0341796875 0.0478515625
4 0.0791015625 0.048828125 0.02734375 0.052734375
4 0.03662109375 0.86962890625 0.0400390625 0.0361328125
4 0.63671875 0.171875 0.033203125 0.021484375
5 0.56201171875 0.271484375 0.0966796875 0.041015625
