5 0.333984375 0.61279296875 0.04296875 0.0751953125
4 0.0771484375 0.75830078125 0.044921875 0.0283203125
4 0.16162109375 0.7177734375 0.0419921875 0.029296875
4 0.11962890625 0.724609375 0.0517578125 0.03125
4 0.07275390625 0.73583984375 0.0498046875 0.0302734375
4 0.00927734375 0.9580078125 0.0166015625 0.02734375
4 0.00146484375 0.87890625 0.0009765625 0.02734375
4 0.19580078125 0.70751953125 0.0341796875 0.0263671875
4 0.11962890625 0.7470703125 0.0498046875 0.02734375
4 0.1689453125 0.73828125 0.05078125 0.029296875
4 0.76171875 0.974609375 0.0390625 0.0234375
4 0.009765625 0.9775390625 0.017578125 0.029296875
4 0.884765625 0.7421875 0.044921875 0.02734375
4 0.35791015625 0.728515625 0.0283203125 0.046875
5 0.38427734375 0.85693359375 0.0322265625 0.0556640625
4 0.3251953125 0.97314453125 0.05078125 0.0263671875
4 0.3203125 0.94970703125 0.044921875 0.0283203125
4 0.31640625 0.9296875 0.0390625 0.0234375
4 0.31494140625 0.90478515625 0.0419921875 0.0224609375
4 0.2529296875 0.72021484375 0.046875 0.0283203125
4 0.21142578125 0.7294921875 0.0439453125 0.029296875
4 0.09423828125 0.6787109375 0.0439453125 0.02734375
4 0.25634765625 0.62646484375 0.0478515625 0.0263671875
4 0.20849609375 0.6416015625 0.0458984375 0.02734375
4 0.1640625 0.64697265625 0.04296875 0.0244140625
4 0.1220703125 0.65234375 0.044921875 0.025390625
4 0.08154296875 0.6611328125 0.0400390625 0.025390625
4 0.2548828125 0.60302734375 0.044921875 0.0283203125
4 0.20751953125 0.61181640625 0.0419921875 0.0283203125
4 0.16943359375 0.62109375 0.0439453125 0.02734375
4 0.12744140625 0.63134765625 0.0439453125 0.0263671875
4 0.08349609375 0.63720703125 0.0439453125 0.0244140625
4 0.04541015625 0.67041015625 0.0419921875 0.0283203125
4 0.0244140625 0.60693359375 0.046875 0.0302734375
4 0.25244140625 0.26123046875 0.0302734375 0.0478515625
4 0.326171875 0.296875 0.029296875 0.05078125
4 0.31005859375 0.23095703125 0.0341796875 0.0556640625
4 0.298828125 0.17578125 0.029296875 0.044921875
4 0.28759765625 0.125 0.0302734375 0.044921875
4 0.15576171875 0.22119140625 0.0458984375 0.0283203125
4 0.11474609375 0.0927734375 0.0263671875 0.04296875
4 0.21044921875 0.02978515625 0.0263671875 0.0400390625
4 0.05712890625 0.69384765625 0.0400390625 0.0244140625
4 0.1357421875 0.67236328125 0.044921875 0.0283203125
4 0.1767578125 0.66650390625 0.04296875 0.0263671875
4 0.453125 0.00732421875 0.046875 0.0126953125
4 0.4599609375 0.03662109375 0.041015625 0.0205078125
4 0.466796875 0.0556640625 0.048828125 0.03125
4 0.34716796875 0.67822265625 0.0283203125 0.0458984375
4 0.2802734375 0.6943359375 0.048828125 0.021484375
4 0.236328125 0.70068359375 0.048828125 0.0263671875
4 0.27685546875 0.66796875 0.0419921875 0.025390625
4 0.234375 0.67626953125 0.05078125 0.0283203125
4 0.18994140625 0.68603515625 0.0498046875 0.0283203125
4 0.1494140625 0.693359375 0.044921875 0.029296875
4 0.1064453125 0.7041015625 0.046875 0.029296875
4 0.26171875 0.65185546875 0.041015625 0.0263671875
4 0.2216796875 0.658203125 0.044921875 0.0234375
