3 0.90966796875 0.32373046875 0.1806640625 0.6455078125
7 0.39599609375 0.5400390625 0.0458984375 0.091796875
7 0.2890625 0.53173828125 0.046875 0.0908203125
7 0.34228515625 0.53466796875 0.0478515625 0.0908203125
7 0.4208984375 0.2568359375 0.046875 0.091796875
7 0.36376953125 0.25390625 0.0498046875 0.091796875
7 0.3095703125 0.24853515625 0.048828125 0.0908203125
10 0.51953125 0.07177734375 0.421875 0.1416015625
10 0.93603515625 0.31201171875 0.1279296875 0.4169921875
10 0.61767578125 0.44482421875 0.2529296875 0.4150390625
4 0.19384765625 0.0029296875 0.0166015625 0.00390625
4 0.0927734375 0.47802734375 0.017578125 0.0126953125
4 0.03857421875 0.44384765625 0.0185546875 0.0107421875
4 0.03515625 0.46435546875 0.017578125 0.0087890625
4 0.0341796875 0.47412109375 0.017578125 0.0087890625
4 0.03173828125 0.48291015625 0.0205078125 0.0087890625
4 0.03125 0.4931640625 0.01953125 0.01171875
4 0.0302734375 0.513671875 0.01953125 0.01171875
4 0.03125 0.52392578125 0.0234375 0.0107421875
4 0.0263671875 0.53369140625 0.017578125 0.0107421875
4 0.02490234375 0.54443359375 0.0205078125 0.0126953125
4 0.02587890625 0.55419921875 0.0224609375 0.0107421875
4 0.0771484375 0.5869140625 0.01953125 0.0078125
4 0.0791015625 0.5673828125 0.021484375 0.015625
4 0.0810546875 0.55712890625 0.017578125 0.0107421875
4 0.08154296875 0.544921875 0.0205078125 0.009765625
4 0.08349609375 0.53759765625 0.0185546875 0.0087890625
4 0.08349609375 0.52685546875 0.0205078125 0.0107421875
4 0.08544921875 0.517578125 0.0185546875 0.01171875
4 0.08984375 0.50830078125 0.017578125 0.0087890625
4 0.09130859375 0.49853515625 0.0205078125 0.0107421875
4 0.041015625 0.43310546875 0.01953125 0.0107421875
4 0.04248046875 0.42431640625 0.0185546875 0.0107421875
4 0.04345703125 0.41552734375 0.0205078125 0.0107421875
4 0.0458984375 0.40673828125 0.021484375 0.0087890625
4 0.03466796875 0.4541015625 0.0205078125 0.01171875
4 0.1181640625 0.2763671875 0.017578125 0.009765625
4 0.04541015625 0.39404296875 0.0185546875 0.0126953125
4 0.09130859375 0.48828125 0.0185546875 0.009765625
4 0.09228515625 0.46728515625 0.0185546875 0.0087890625
4 0.19189453125 0.00927734375 0.0185546875 0.0107421875
4 0.09423828125 0.4580078125 0.0185546875 0.01171875
4 0.1630859375 0.1357421875 0.021484375 0.013671875
4 0.166015625 0.126953125 0.021484375 0.013671875
4 0.1689453125 0.1171875 0.01953125 0.013671875
4 0.169921875 0.10693359375 0.01953125 0.0107421875
4 0.17431640625 0.09716796875 0.0224609375 0.0126953125
4 0.17626953125 0.0869140625 0.0185546875 0.013671875
4 0.1787109375 0.078125 0.017578125 0.01171875
4 0.18017578125 0.068359375 0.0205078125 0.01171875
4 0.18408203125 0.05810546875 0.0205078125 0.0126953125
4 0.185546875 0.0478515625 0.01953125 0.013671875
4 0.12158203125 0.080078125 0.0205078125 0.013671875
4 0.125 0.060546875 0.01953125 0.01171875
4 0.12744140625 0.05224609375 0.0205078125 0.0126953125
4 0.12939453125 0.04248046875 0.0205078125 0.0107421875
4 0.1328125 0.03173828125 0.021484375 0.0126953125
4 0.13671875 0.0224609375 0.021484375 0.013671875
4 0.13720703125 0.01171875 0.0205078125 0.01171875
4 0.13818359375 0.00390625 0.0205078125 0.005859375
4 0.12109375 0.1025390625 0.0234375 0.013671875
4 0.18994140625 0.255859375 0.0263671875 0.021484375
4 0.19384765625 0.2705078125 0.0244140625 0.021484375
4 0.107421875 0.3681640625 0.017578125 0.0078125
4 0.09423828125 0.447265625 0.0185546875 0.009765625
4 0.09619140625 0.43798828125 0.0166015625 0.0107421875
4 0.0986328125 0.4287109375 0.017578125 0.009765625
4 0.099609375 0.41845703125 0.01953125 0.0087890625
4 0.1015625 0.4091796875 0.01953125 0.01171875
4 0.103515625 0.39794921875 0.017578125 0.0068359375
4 0.10498046875 0.38818359375 0.0185546875 0.0126953125
4 0.10693359375 0.37841796875 0.0166015625 0.0087890625
4 0.107421875 0.3564453125 0.017578125 0.009765625
4 0.193359375 0.28662109375 0.025390625 0.0224609375
4 0.1083984375 0.34716796875 0.017578125 0.0087890625
4 0.109375 0.33642578125 0.01953125 0.0107421875
4 0.109375 0.32763671875 0.01953125 0.0107421875
4 0.11083984375 0.31689453125 0.0185546875 0.0107421875
4 0.11328125 0.30712890625 0.015625 0.0087890625
4 0.1171875 0.2978515625 0.015625 0.009765625
4 0.115234375 0.28759765625 0.01953125 0.0087890625
4 0.19482421875 0.30224609375 0.0263671875 0.0224609375
