3 0.353515625 0.32373046875 0.33203125 0.6455078125
10 0.0498046875 0.07177734375 0.09765625 0.1416015625
10 0.35546875 0.31201171875 0.23046875 0.4169921875
10 0.056640625 0.44482421875 0.111328125 0.4150390625
1 0.66748046875 0.73779296875 0.0947265625 0.0986328125
4 0.91357421875 0.05810546875 0.0224609375 0.0146484375
4 0.84423828125 0.02392578125 0.0205078125 0.0146484375
4 0.85302734375 0.0048828125 0.0263671875 0.0078125
4 0.953125 0.1220703125 0.01953125 0.013671875
4 0.89111328125 0.17724609375 0.0224609375 0.0205078125
4 0.6396484375 0.06689453125 0.015625 0.0185546875
4 0.865234375 0.2080078125 0.017578125 0.021484375
4 0.82080078125 0.5224609375 0.0146484375 0.017578125
4 0.94873046875 0.64111328125 0.0224609375 0.0146484375
