4 0.16455078125 0.5517578125 0.0185546875 0.01171875
4 0.16064453125 0.58154296875 0.0205078125 0.0107421875
4 0.16015625 0.59130859375 0.017578125 0.0107421875
4 0.15966796875 0.60205078125 0.0185546875 0.0107421875
4 0.15673828125 0.61181640625 0.0166015625 0.0087890625
4 0.15625 0.62158203125 0.017578125 0.0107421875
4 0.1552734375 0.63134765625 0.017578125 0.0107421875
4 0.15478515625 0.64208984375 0.0166015625 0.0087890625
4 0.1513671875 0.6494140625 0.017578125 0.01171875
4 0.15185546875 0.66064453125 0.0224609375 0.0107421875
4 0.14892578125 0.67041015625 0.0185546875 0.0087890625
4 0.14892578125 0.68017578125 0.0185546875 0.0087890625
4 0.2021484375 0.1591796875 0.01171875 0.0234375
4 0.201171875 0.1845703125 0.009765625 0.021484375
4 0.1982421875 0.20751953125 0.009765625 0.0205078125
4 0.1962890625 0.2373046875 0.01171875 0.01953125
4 0.19287109375 0.27392578125 0.0087890625 0.0185546875
4 0.19091796875 0.2978515625 0.0107421875 0.01953125
4 0.18798828125 0.3251953125 0.0107421875 0.0234375
4 0.18505859375 0.3583984375 0.0107421875 0.021484375
4 0.16259765625 0.57177734375 0.0185546875 0.0126953125
4 0.16455078125 0.5419921875 0.0166015625 0.009765625
4 0.16650390625 0.53271484375 0.0205078125 0.0087890625
4 0.1982421875 0.68798828125 0.017578125 0.0087890625
4 0.197265625 0.677734375 0.021484375 0.01171875
4 0.19775390625 0.666015625 0.0244140625 0.01171875
4 0.2001953125 0.65673828125 0.01953125 0.0107421875
4 0.201171875 0.64599609375 0.01953125 0.0107421875
4 0.2041015625 0.63623046875 0.017578125 0.0107421875
4 0.205078125 0.62646484375 0.017578125 0.0107421875
4 0.2060546875 0.61572265625 0.021484375 0.0107421875
4 0.20556640625 0.59375 0.0185546875 0.01171875
4 0.2109375 0.58203125 0.01953125 0.0078125
4 0.21240234375 0.5712890625 0.0166015625 0.009765625
4 0.2138671875 0.56201171875 0.021484375 0.0107421875
4 0.21484375 0.5517578125 0.017578125 0.009765625
4 0.21337890625 0.54248046875 0.0205078125 0.0087890625
4 0.21484375 0.53271484375 0.01953125 0.0107421875
4 0.2138671875 0.521484375 0.01953125 0.0078125
4 0.1708984375 0.50439453125 0.01953125 0.0107421875
4 0.17041015625 0.513671875 0.0205078125 0.0078125
4 0.16650390625 0.52294921875 0.0166015625 0.0107421875
4 0.18310546875 0.38916015625 0.0087890625 0.0205078125
4 0.2216796875 0.37451171875 0.015625 0.0087890625
4 0.224609375 0.33642578125 0.01953125 0.0087890625
4 0.228515625 0.318359375 0.017578125 0.0078125
4 0.267578125 0.09375 0.01953125 0.009765625
4 0.2705078125 0.08251953125 0.01953125 0.0126953125
4 0.27099609375 0.07275390625 0.0185546875 0.0087890625
4 0.27197265625 0.06298828125 0.0166015625 0.0068359375
4 0.271484375 0.05322265625 0.017578125 0.0087890625
4 0.2744140625 0.04248046875 0.017578125 0.0087890625
4 0.275390625 0.03173828125 0.01953125 0.0107421875
4 0.2763671875 0.02294921875 0.017578125 0.0087890625
3 0.90966796875 0.8486328125 0.1806640625 0.302734375
7 0.4208984375 0.96435546875 0.046875 0.0712890625
7 0.36376953125 0.962890625 0.0498046875 0.07421875
7 0.3095703125 0.96044921875 0.048828125 0.0791015625
10 0.51953125 0.7568359375 0.421875 0.20703125
10 0.93603515625 0.91064453125 0.1279296875 0.1787109375
10 0.61767578125 0.9775390625 0.2529296875 0.044921875
4 0.208984375 0.11767578125 0.013671875 0.0263671875
4 0.26806640625 0.1044921875 0.0185546875 0.009765625
4 0.26904296875 0.1142578125 0.0166015625 0.009765625
4 0.236328125 0.2275390625 0.01953125 0.0078125
4 0.22802734375 0.30712890625 0.0185546875 0.0087890625
4 0.2294921875 0.29736328125 0.017578125 0.0087890625
4 0.22509765625 0.28515625 0.0185546875 0.0078125
4 0.22900390625 0.27685546875 0.0224609375 0.0087890625
4 0.23193359375 0.26611328125 0.0205078125 0.0087890625
4 0.23193359375 0.2568359375 0.0185546875 0.0078125
4 0.2333984375 0.2470703125 0.017578125 0.005859375
4 0.23583984375 0.2373046875 0.0185546875 0.009765625
4 0.236328125 0.2177734375 0.01953125 0.009765625
4 0.2666015625 0.12548828125 0.015625 0.0087890625
4 0.23681640625 0.20703125 0.0185546875 0.0078125
4 0.23828125 0.1982421875 0.01953125 0.009765625
4 0.2392578125 0.1875 0.017578125 0.009765625
4 0.23974609375 0.1787109375 0.0185546875 0.009765625
4 0.23974609375 0.1689453125 0.0166015625 0.0078125
4 0.24072265625 0.15625 0.0185546875 0.009765625
4 0.24267578125 0.14501953125 0.0185546875 0.0107421875
4 0.2451171875 0.13623046875 0.015625 0.0068359375
4 0.1943359375 0.69677734375 0.01953125 0.0126953125
4 0.1943359375 0.70751953125 0.01953125 0.0087890625
4 0.19384765625 0.7177734375 0.0166015625 0.009765625
4 0.97900390625 0.44091796875 0.0185546875 0.0185546875
4 0.1181640625 0.994140625 0.017578125 0.009765625
4 0.19189453125 0.72705078125 0.0185546875 0.0107421875
4 0.1630859375 0.853515625 0.021484375 0.013671875
4 0.166015625 0.8447265625 0.021484375 0.013671875
4 0.1689453125 0.8349609375 0.01953125 0.013671875
4 0.169921875 0.82470703125 0.01953125 0.0107421875
4 0.17431640625 0.81494140625 0.0224609375 0.0126953125
4 0.17626953125 0.8046875 0.0185546875 0.013671875
4 0.1787109375 0.7958984375 0.017578125 0.01171875
4 0.18017578125 0.7861328125 0.0205078125 0.01171875
4 0.18408203125 0.77587890625 0.0205078125 0.0126953125
4 0.185546875 0.765625 0.01953125 0.013671875
4 0.12158203125 0.7978515625 0.0205078125 0.013671875
4 0.125 0.7783203125 0.01953125 0.01171875
4 0.12744140625 0.77001953125 0.0205078125 0.0126953125
4 0.12939453125 0.76025390625 0.0205078125 0.0107421875
4 0.1328125 0.74951171875 0.021484375 0.0126953125
4 0.13671875 0.740234375 0.021484375 0.013671875
4 0.13720703125 0.7294921875 0.0205078125 0.01171875
4 0.13818359375 0.71826171875 0.0205078125 0.0126953125
4 0.13818359375 0.70654296875 0.0205078125 0.0107421875
4 0.12109375 0.8203125 0.0234375 0.013671875
4 0.18994140625 0.9736328125 0.0263671875 0.021484375
4 0.19384765625 0.98828125 0.0244140625 0.021484375
4 0.193359375 0.99658203125 0.025390625 0.0068359375
1 0.39794921875 0.39599609375 0.1591796875 0.1552734375
