3 0.4853515625 0.53076171875 0.33203125 0.6669921875
10 0.11572265625 0.2568359375 0.2294921875 0.20703125
10 0.4873046875 0.52978515625 0.23046875 0.4169921875
10 0.12255859375 0.66259765625 0.2431640625 0.4150390625
1 0.79931640625 0.953125 0.0947265625 0.09375
4 0.5478515625 0.0986328125 0.017578125 0.013671875
4 0.75537109375 0.15869140625 0.0224609375 0.0205078125
4 0.9296875 0.13525390625 0.021484375 0.0146484375
4 0.9619140625 0.13427734375 0.029296875 0.0166015625
4 0.92919921875 0.19921875 0.0224609375 0.015625
4 0.97607421875 0.24169921875 0.0205078125 0.0146484375
4 0.98486328125 0.21826171875 0.0263671875 0.0166015625
4 0.771484375 0.28466796875 0.015625 0.0185546875
4 0.994140625 0.42578125 0.01171875 0.021484375
4 0.95263671875 0.740234375 0.0146484375 0.017578125
