4 0.16455078125 0.0517578125 0.0185546875 0.01171875
4 0.16064453125 0.08154296875 0.0205078125 0.0107421875
4 0.16015625 0.09130859375 0.017578125 0.0107421875
4 0.15966796875 0.10205078125 0.0185546875 0.0107421875
4 0.15673828125 0.11181640625 0.0166015625 0.0087890625
4 0.15625 0.12158203125 0.017578125 0.0107421875
4 0.1552734375 0.13134765625 0.017578125 0.0107421875
4 0.15478515625 0.14208984375 0.0166015625 0.0087890625
4 0.1513671875 0.1494140625 0.017578125 0.01171875
4 0.15185546875 0.16064453125 0.0224609375 0.0107421875
4 0.14892578125 0.17041015625 0.0185546875 0.0087890625
4 0.14892578125 0.18017578125 0.0185546875 0.0087890625
4 0.16259765625 0.07177734375 0.0185546875 0.0126953125
4 0.16455078125 0.0419921875 0.0166015625 0.009765625
4 0.16650390625 0.03271484375 0.0205078125 0.0087890625
4 0.1982421875 0.18798828125 0.017578125 0.0087890625
4 0.197265625 0.177734375 0.021484375 0.01171875
4 0.19775390625 0.166015625 0.0244140625 0.01171875
4 0.2001953125 0.15673828125 0.01953125 0.0107421875
4 0.201171875 0.14599609375 0.01953125 0.0107421875
4 0.2041015625 0.13623046875 0.017578125 0.0107421875
4 0.205078125 0.12646484375 0.017578125 0.0107421875
4 0.2060546875 0.11572265625 0.021484375 0.0107421875
4 0.20556640625 0.09375 0.0185546875 0.01171875
4 0.2109375 0.08203125 0.01953125 0.0078125
4 0.21240234375 0.0712890625 0.0166015625 0.009765625
4 0.2138671875 0.06201171875 0.021484375 0.0107421875
4 0.21484375 0.0517578125 0.017578125 0.009765625
4 0.21337890625 0.04248046875 0.0205078125 0.0087890625
4 0.21484375 0.03271484375 0.01953125 0.0107421875
4 0.2138671875 0.021484375 0.01953125 0.0078125
4 0.1708984375 0.00537109375 0.01953125 0.0087890625
4 0.17041015625 0.013671875 0.0205078125 0.0078125
4 0.16650390625 0.02294921875 0.0166015625 0.0107421875
3 0.90966796875 0.53076171875 0.1806640625 0.6669921875
7 0.39599609375 0.7578125 0.0458984375 0.091796875
7 0.2890625 0.74951171875 0.046875 0.0908203125
7 0.34228515625 0.75244140625 0.0478515625 0.0908203125
7 0.4208984375 0.474609375 0.046875 0.091796875
7 0.36376953125 0.4716796875 0.0498046875 0.091796875
7 0.3095703125 0.46630859375 0.048828125 0.0908203125
10 0.51953125 0.2568359375 0.421875 0.20703125
10 0.93603515625 0.52978515625 0.1279296875 0.4169921875
10 0.61767578125 0.66259765625 0.2529296875 0.4150390625
4 0.1943359375 0.19677734375 0.01953125 0.0126953125
4 0.1943359375 0.20751953125 0.01953125 0.0087890625
4 0.19384765625 0.2177734375 0.0166015625 0.009765625
4 0.0927734375 0.69580078125 0.017578125 0.0126953125
4 0.03857421875 0.66162109375 0.0185546875 0.0107421875
4 0.03515625 0.68212890625 0.017578125 0.0087890625
4 0.0341796875 0.69189453125 0.017578125 0.0087890625
4 0.03173828125 0.70068359375 0.0205078125 0.0087890625
4 0.03125 0.7109375 0.01953125 0.01171875
4 0.0302734375 0.7314453125 0.01953125 0.01171875
4 0.03125 0.74169921875 0.0234375 0.0107421875
4 0.0263671875 0.75146484375 0.017578125 0.0107421875
4 0.02490234375 0.76220703125 0.0205078125 0.0126953125
4 0.02587890625 0.77197265625 0.0224609375 0.0107421875
4 0.0771484375 0.8046875 0.01953125 0.0078125
4 0.0791015625 0.78515625 0.021484375 0.015625
4 0.0810546875 0.77490234375 0.017578125 0.0107421875
4 0.08154296875 0.7626953125 0.0205078125 0.009765625
4 0.08349609375 0.75537109375 0.0185546875 0.0087890625
4 0.08349609375 0.74462890625 0.0205078125 0.0107421875
4 0.08544921875 0.7353515625 0.0185546875 0.01171875
4 0.08984375 0.72607421875 0.017578125 0.0087890625
4 0.09130859375 0.71630859375 0.0205078125 0.0107421875
4 0.041015625 0.65087890625 0.01953125 0.0107421875
4 0.04248046875 0.64208984375 0.0185546875 0.0107421875
4 0.04345703125 0.63330078125 0.0205078125 0.0107421875
4 0.0458984375 0.62451171875 0.021484375 0.0087890625
4 0.03466796875 0.671875 0.0205078125 0.01171875
4 0.1181640625 0.494140625 0.017578125 0.009765625
4 0.04541015625 0.61181640625 0.0185546875 0.0126953125
4 0.09130859375 0.7060546875 0.0185546875 0.009765625
4 0.09228515625 0.68505859375 0.0185546875 0.0087890625
4 0.19189453125 0.22705078125 0.0185546875 0.0107421875
4 0.09423828125 0.67578125 0.0185546875 0.01171875
4 0.1630859375 0.353515625 0.021484375 0.013671875
4 0.166015625 0.3447265625 0.021484375 0.013671875
4 0.1689453125 0.3349609375 0.01953125 0.013671875
4 0.169921875 0.32470703125 0.01953125 0.0107421875
4 0.17431640625 0.31494140625 0.0224609375 0.0126953125
4 0.17626953125 0.3046875 0.0185546875 0.013671875
4 0.1787109375 0.2958984375 0.017578125 0.01171875
4 0.18017578125 0.2861328125 0.0205078125 0.01171875
4 0.18408203125 0.27587890625 0.0205078125 0.0126953125
4 0.185546875 0.265625 0.01953125 0.013671875
4 0.12158203125 0.2978515625 0.0205078125 0.013671875
4 0.125 0.2783203125 0.01953125 0.01171875
4 0.12744140625 0.27001953125 0.0205078125 0.0126953125
4 0.12939453125 0.26025390625 0.0205078125 0.0107421875
4 0.1328125 0.24951171875 0.021484375 0.0126953125
4 0.13671875 0.240234375 0.021484375 0.013671875
4 0.13720703125 0.2294921875 0.0205078125 0.01171875
4 0.13818359375 0.21826171875 0.0205078125 0.0126953125
4 0.13818359375 0.20654296875 0.0205078125 0.0107421875
4 0.12109375 0.3203125 0.0234375 0.013671875
4 0.18994140625 0.4736328125 0.0263671875 0.021484375
4 0.19384765625 0.48828125 0.0244140625 0.021484375
4 0.107421875 0.5859375 0.017578125 0.0078125
4 0.09423828125 0.6650390625 0.0185546875 0.009765625
4 0.09619140625 0.65576171875 0.0166015625 0.0107421875
4 0.0986328125 0.646484375 0.017578125 0.009765625
4 0.099609375 0.63623046875 0.01953125 0.0087890625
4 0.1015625 0.626953125 0.01953125 0.01171875
4 0.103515625 0.61572265625 0.017578125 0.0068359375
4 0.10498046875 0.60595703125 0.0185546875 0.0126953125
4 0.10693359375 0.59619140625 0.0166015625 0.0087890625
4 0.107421875 0.57421875 0.017578125 0.009765625
4 0.193359375 0.50439453125 0.025390625 0.0224609375
4 0.1083984375 0.56494140625 0.017578125 0.0087890625
4 0.109375 0.55419921875 0.01953125 0.0107421875
4 0.109375 0.54541015625 0.01953125 0.0107421875
4 0.11083984375 0.53466796875 0.0185546875 0.0107421875
4 0.11328125 0.52490234375 0.015625 0.0087890625
4 0.1171875 0.515625 0.015625 0.009765625
4 0.115234375 0.50537109375 0.01953125 0.0087890625
4 0.19482421875 0.52001953125 0.0263671875 0.0224609375
