4 0.4501953125 0.208984375 0.017578125 0.01953125
4 0.58056640625 0.4384765625 0.0185546875 0.017578125
3 0.353515625 0.8486328125 0.33203125 0.302734375
10 0.0498046875 0.7568359375 0.09765625 0.20703125
10 0.35546875 0.91064453125 0.23046875 0.1787109375
10 0.056640625 0.9775390625 0.111328125 0.044921875
4 0.91357421875 0.77587890625 0.0224609375 0.0146484375
4 0.34716796875 0.44091796875 0.0185546875 0.0185546875
4 0.416015625 0.5986328125 0.017578125 0.013671875
4 0.62353515625 0.65869140625 0.0224609375 0.0205078125
4 0.7978515625 0.63525390625 0.021484375 0.0146484375
4 0.830078125 0.63427734375 0.029296875 0.0166015625
4 0.79736328125 0.69921875 0.0224609375 0.015625
4 0.84423828125 0.74169921875 0.0205078125 0.0146484375
4 0.85302734375 0.71826171875 0.0263671875 0.0166015625
4 0.953125 0.83984375 0.01953125 0.013671875
4 0.89111328125 0.89501953125 0.0224609375 0.0205078125
4 0.6396484375 0.78466796875 0.015625 0.0185546875
4 0.865234375 0.92578125 0.017578125 0.021484375
