3 0.4853515625 0.32373046875 0.33203125 0.6455078125
10 0.11572265625 0.07177734375 0.2294921875 0.1416015625
10 0.4873046875 0.31201171875 0.23046875 0.4169921875
10 0.12255859375 0.44482421875 0.2431640625 0.4150390625
1 0.79931640625 0.73779296875 0.0947265625 0.0986328125
4 0.97607421875 0.02392578125 0.0205078125 0.0146484375
4 0.98486328125 0.0048828125 0.0263671875 0.0078125
4 0.771484375 0.06689453125 0.015625 0.0185546875
4 0.994140625 0.2080078125 0.01171875 0.021484375
4 0.95263671875 0.5224609375 0.0146484375 0.017578125
