3 0.353515625 0.53076171875 0.33203125 0.6669921875
10 0.0498046875 0.2568359375 0.09765625 0.20703125
10 0.35546875 0.52978515625 0.23046875 0.4169921875
10 0.056640625 0.66259765625 0.111328125 0.4150390625
1 0.66748046875 0.953125 0.0947265625 0.09375
4 0.91357421875 0.27587890625 0.0224609375 0.0146484375
4 0.416015625 0.0986328125 0.017578125 0.013671875
4 0.62353515625 0.15869140625 0.0224609375 0.0205078125
4 0.7978515625 0.13525390625 0.021484375 0.0146484375
4 0.830078125 0.13427734375 0.029296875 0.0166015625
4 0.79736328125 0.19921875 0.0224609375 0.015625
4 0.84423828125 0.24169921875 0.0205078125 0.0146484375
4 0.85302734375 0.21826171875 0.0263671875 0.0166015625
4 0.953125 0.33984375 0.01953125 0.013671875
4 0.89111328125 0.39501953125 0.0224609375 0.0205078125
4 0.6396484375 0.28466796875 0.015625 0.0185546875
4 0.865234375 0.42578125 0.017578125 0.021484375
4 0.82080078125 0.740234375 0.0146484375 0.017578125
4 0.94873046875 0.85888671875 0.0224609375 0.0146484375
