4 0.58203125 0.208984375 0.017578125 0.01953125
4 0.71240234375 0.4384765625 0.0185546875 0.017578125
3 0.4853515625 0.8486328125 0.33203125 0.302734375
10 0.11572265625 0.7568359375 0.2294921875 0.20703125
10 0.4873046875 0.91064453125 0.23046875 0.1787109375
10 0.12255859375 0.9775390625 0.2431640625 0.044921875
4 0.47900390625 0.44091796875 0.0185546875 0.0185546875
4 0.5478515625 0.5986328125 0.017578125 0.013671875
4 0.75537109375 0.65869140625 0.0224609375 0.0205078125
4 0.9296875 0.63525390625 0.021484375 0.0146484375
4 0.9619140625 0.63427734375 0.029296875 0.0166015625
4 0.92919921875 0.69921875 0.0224609375 0.015625
4 0.97607421875 0.74169921875 0.0205078125 0.0146484375
4 0.98486328125 0.71826171875 0.0263671875 0.0166015625
4 0.771484375 0.78466796875 0.015625 0.0185546875
4 0.994140625 0.92578125 0.01171875 0.021484375
