7 0.01611328125 0.38427734375 0.0302734375 0.2001953125
7 0.09814453125 0.388671875 0.1044921875 0.19921875
7 0.2158203125 0.39501953125 0.103515625 0.2021484375
7 0.31640625 0.90869140625 0.10546875 0.1826171875
7 0.185546875 0.90576171875 0.103515625 0.1884765625
7 0.05517578125 0.90234375 0.1044921875 0.1953125
7 0.5517578125 0.31103515625 0.103515625 0.2001953125
7 0.68310546875 0.3154296875 0.1025390625 0.19921875
7 0.87548828125 0.17578125 0.1025390625 0.19921875
7 0.9775390625 0.18115234375 0.044921875 0.2001953125
7 0.6396484375 0.87060546875 0.103515625 0.2001953125
7 0.783203125 0.875 0.1015625 0.201171875
7 0.92626953125 0.8818359375 0.1044921875 0.19921875
