7 0.01611328125 0.23681640625 0.0302734375 0.2001953125
7 0.09814453125 0.2412109375 0.1044921875 0.19921875
7 0.2158203125 0.24755859375 0.103515625 0.2021484375
7 0.31640625 0.77001953125 0.10546875 0.2001953125
7 0.185546875 0.76416015625 0.103515625 0.2001953125
7 0.05517578125 0.7578125 0.1044921875 0.201171875
7 0.5517578125 0.16357421875 0.103515625 0.2001953125
7 0.68310546875 0.16796875 0.1025390625 0.19921875
7 0.87548828125 0.064453125 0.1025390625 0.126953125
7 0.9775390625 0.0673828125 0.044921875 0.1328125
7 0.6396484375 0.72314453125 0.103515625 0.2001953125
7 0.783203125 0.7275390625 0.1015625 0.201171875
7 0.92626953125 0.734375 0.1044921875 0.19921875
