7 0.03271484375 0.90869140625 0.0634765625 0.1826171875
7 0.927734375 0.82080078125 0.1015625 0.1982421875
7 0.2470703125 0.31103515625 0.103515625 0.2001953125
7 0.37841796875 0.3154296875 0.1025390625 0.19921875
7 0.57080078125 0.17578125 0.1025390625 0.19921875
7 0.70166015625 0.18115234375 0.1025390625 0.2001953125
7 0.8330078125 0.18701171875 0.103515625 0.2001953125
7 0.3349609375 0.87060546875 0.103515625 0.2001953125
7 0.478515625 0.875 0.1015625 0.201171875
7 0.62158203125 0.8818359375 0.1044921875 0.19921875
7 0.79833984375 0.81640625 0.1025390625 0.19921875
