4 0.4189453125 0.02197265625 0.029296875 0.0419921875
7 0.25 0.91552734375 0.103515625 0.1689453125
7 0.2080078125 0.458984375 0.10546875 0.203125
7 0.3271484375 0.4638671875 0.10546875 0.201171875
7 0.47998046875 0.38427734375 0.1025390625 0.2001953125
7 0.59814453125 0.388671875 0.1044921875 0.19921875
7 0.7158203125 0.39501953125 0.103515625 0.2021484375
7 0.81640625 0.90869140625 0.10546875 0.1826171875
7 0.685546875 0.90576171875 0.103515625 0.1884765625
7 0.55517578125 0.90234375 0.1044921875 0.1953125
7 0.3671875 0.91796875 0.103515625 0.1640625
7 0.12939453125 0.91259765625 0.1044921875 0.1748046875
7 0.09033203125 0.453125 0.1044921875 0.201171875
