7 0.03271484375 0.77001953125 0.0634765625 0.2001953125
7 0.927734375 0.67333984375 0.1015625 0.1982421875
7 0.2470703125 0.16357421875 0.103515625 0.2001953125
7 0.37841796875 0.16796875 0.1025390625 0.19921875
7 0.57080078125 0.064453125 0.1025390625 0.126953125
7 0.70166015625 0.0673828125 0.1025390625 0.1328125
7 0.8330078125 0.0703125 0.103515625 0.138671875
7 0.3349609375 0.72314453125 0.103515625 0.2001953125
7 0.478515625 0.7275390625 0.1015625 0.201171875
7 0.62158203125 0.734375 0.1044921875 0.19921875
7 0.79833984375 0.6689453125 0.1025390625 0.19921875
