4 0.57568359375 0.76123046875 0.0224609375 0.0419921875
4 0.56005859375 0.802734375 0.0224609375 0.033203125
7 0.35107421875 0.36474609375 0.1337890625 0.1884765625
7 0.451171875 0.39892578125 0.1328125 0.1884765625
7 0.16259765625 0.5791015625 0.1376953125 0.189453125
7 0.265625 0.61328125 0.1328125 0.189453125
7 0.3671875 0.6474609375 0.130859375 0.189453125
4 0.28125 0.794921875 0.03515625 0.0234375
4 0.36376953125 0.82275390625 0.0341796875 0.0224609375
4 0.265625 0.82666015625 0.037109375 0.0244140625
4 0.35888671875 0.85107421875 0.0322265625 0.0205078125
4 0.24365234375 0.89892578125 0.0341796875 0.0205078125
4 0.34130859375 0.90380859375 0.0341796875 0.0224609375
4 0.24267578125 0.91845703125 0.0400390625 0.0244140625
4 0.2294921875 0.9501953125 0.0390625 0.0234375
4 0.32861328125 0.94189453125 0.0302734375 0.0185546875
4 0.32177734375 0.958984375 0.0341796875 0.021484375
4 0.3173828125 0.97705078125 0.033203125 0.0224609375
4 0.39599609375 0.96875 0.0244140625 0.0390625
4 0.51953125 0.9375 0.0234375 0.037109375
4 0.43359375 0.8466796875 0.021484375 0.033203125
4 0.52783203125 0.79638671875 0.0205078125 0.0361328125
4 0.47265625 0.7236328125 0.025390625 0.041015625
4 0.4892578125 0.67431640625 0.0234375 0.0380859375
4 0.501953125 0.6328125 0.02734375 0.044921875
4 0.52099609375 0.58544921875 0.0263671875 0.0419921875
4 0.53076171875 0.89892578125 0.0205078125 0.0322265625
4 0.5478515625 0.84375 0.021484375 0.03515625
4 0.53466796875 0.54736328125 0.0244140625 0.0400390625
7 0.24951171875 0.32958984375 0.1337890625 0.1884765625
