4 0.57568359375 0.83056640625 0.0224609375 0.0419921875
4 0.56005859375 0.8720703125 0.0224609375 0.033203125
7 0.35107421875 0.43408203125 0.1337890625 0.1884765625
7 0.451171875 0.46826171875 0.1328125 0.1884765625
7 0.16259765625 0.6484375 0.1376953125 0.189453125
7 0.265625 0.6826171875 0.1328125 0.189453125
7 0.3671875 0.716796875 0.130859375 0.189453125
4 0.28125 0.8642578125 0.03515625 0.0234375
4 0.36376953125 0.89208984375 0.0341796875 0.0224609375
4 0.265625 0.89599609375 0.037109375 0.0244140625
4 0.35888671875 0.92041015625 0.0322265625 0.0205078125
4 0.24365234375 0.96826171875 0.0341796875 0.0205078125
4 0.34130859375 0.97314453125 0.0341796875 0.0224609375
4 0.24267578125 0.98779296875 0.0400390625 0.0244140625
4 0.51953125 0.994140625 0.0234375 0.01171875
4 0.43359375 0.916015625 0.021484375 0.033203125
4 0.52783203125 0.86572265625 0.0205078125 0.0361328125
4 0.47265625 0.79296875 0.025390625 0.041015625
4 0.4892578125 0.74365234375 0.0234375 0.0380859375
4 0.501953125 0.7021484375 0.02734375 0.044921875
4 0.52099609375 0.65478515625 0.0263671875 0.0419921875
4 0.53076171875 0.96826171875 0.0205078125 0.0322265625
4 0.5478515625 0.9130859375 0.021484375 0.03515625
4 0.53466796875 0.61669921875 0.0244140625 0.0400390625
7 0.24951171875 0.39892578125 0.1337890625 0.1884765625
