6 0.27392578125 0.15625 0.0712890625 0.068359375
6 0.34130859375 0.23095703125 0.0732421875 0.0751953125
6 0.32666015625 0.248046875 0.0791015625 0.076171875
6 0.31298828125 0.26171875 0.0751953125 0.072265625
6 0.30029296875 0.27685546875 0.0869140625 0.0791015625
6 0.28857421875 0.29345703125 0.0712890625 0.0673828125
6 0.27685546875 0.30712890625 0.0751953125 0.0634765625
6 0.2998046875 0.12646484375 0.060546875 0.0556640625
6 0.28369140625 0.13916015625 0.0751953125 0.0712890625
6 0.2607421875 0.17041015625 0.07421875 0.0693359375
6 0.38427734375 0.37255859375 0.0966796875 0.0810546875
6 0.2470703125 0.18505859375 0.08203125 0.0771484375
6 0.23583984375 0.20068359375 0.0791015625 0.0732421875
6 0.224609375 0.21728515625 0.080078125 0.0732421875
6 0.21044921875 0.23095703125 0.0771484375 0.0693359375
6 0.19873046875 0.24755859375 0.0869140625 0.0751953125
6 0.3583984375 0.21630859375 0.0625 0.0556640625
6 0.3955078125 0.3486328125 0.09375 0.078125
12 0.04638671875 0.04052734375 0.0908203125 0.0791015625
6 0.0390625 0.005859375 0.076171875 0.009765625
6 0.04443359375 0.015625 0.0830078125 0.029296875
6 0.009765625 0.66064453125 0.017578125 0.0712890625
6 0.00341796875 0.65087890625 0.0048828125 0.0791015625
6 0.2783203125 0.64111328125 0.076171875 0.0654296875
6 0.2880859375 0.623046875 0.072265625 0.060546875
6 0.06787109375 0.52587890625 0.0712890625 0.0673828125
6 0.05615234375 0.5107421875 0.0576171875 0.056640625
6 0.9658203125 0.67578125 0.068359375 0.080078125
6 0.5556640625 0.28857421875 0.099609375 0.0791015625
6 0.54052734375 0.3095703125 0.1005859375 0.080078125
6 0.53515625 0.3349609375 0.11328125 0.0859375
6 0.5244140625 0.35693359375 0.1171875 0.0927734375
6 0.5146484375 0.38232421875 0.09375 0.0712890625
6 0.5029296875 0.40380859375 0.09765625 0.0712890625
6 0.4873046875 0.4228515625 0.1015625 0.0703125
6 0.47998046875 0.44921875 0.1025390625 0.07421875
6 0.96044921875 0.69580078125 0.0791015625 0.0791015625
6 0.5751953125 0.52392578125 0.09765625 0.0771484375
6 0.6640625 0.5966796875 0.109375 0.0859375
6 0.67578125 0.57568359375 0.111328125 0.0869140625
6 0.689453125 0.556640625 0.111328125 0.087890625
6 0.95703125 0.71875 0.0859375 0.080078125
6 0.955078125 0.7412109375 0.08984375 0.080078125
6 0.95068359375 0.7587890625 0.0986328125 0.080078125
6 0.935546875 0.775390625 0.111328125 0.091796875
6 0.9208984375 0.79345703125 0.115234375 0.0927734375
6 0.876953125 0.6142578125 0.109375 0.0859375
6 0.8642578125 0.63525390625 0.11328125 0.0927734375
6 0.85302734375 0.65576171875 0.1103515625 0.0908203125
6 0.837890625 0.67431640625 0.11328125 0.0927734375
6 0.82666015625 0.69482421875 0.1123046875 0.0908203125
6 0.81396484375 0.71435546875 0.1142578125 0.0908203125
9 0.75537109375 0.75244140625 0.0458984375 0.0478515625
6 0.734375 0.4365234375 0.107421875 0.0625
6 0.72705078125 0.4599609375 0.0927734375 0.056640625
6 0.7109375 0.478515625 0.109375 0.068359375
6 0.7041015625 0.5048828125 0.10546875 0.06640625
6 0.701171875 0.53662109375 0.11328125 0.0888671875
