6 0.19482421875 0.43310546875 0.0341796875 0.0244140625
6 0.0068359375 0.96142578125 0.01171875 0.0517578125
6 0.00390625 0.97412109375 0.005859375 0.0517578125
6 0.0703125 0.98583984375 0.11328125 0.0283203125
6 0.2939453125 0.36376953125 0.052734375 0.0361328125
6 0.29638671875 0.50390625 0.0419921875 0.068359375
12 0.35986328125 0.47216796875 0.0595703125 0.1044921875
12 0.28271484375 0.5078125 0.0576171875 0.107421875
12 0.20263671875 0.54296875 0.0595703125 0.109375
6 0.38427734375 0.48828125 0.0361328125 0.052734375
6 0.36962890625 0.43212890625 0.0283203125 0.0439453125
6 0.3564453125 0.435546875 0.02734375 0.041015625
6 0.345703125 0.4765625 0.04296875 0.072265625
6 0.33154296875 0.4853515625 0.0283203125 0.046875
6 0.28955078125 0.44970703125 0.0419921875 0.0263671875
6 0.205078125 0.5849609375 0.041015625 0.064453125
6 0.21875 0.48193359375 0.037109375 0.0244140625
6 0.19775390625 0.50341796875 0.0205078125 0.0205078125
6 0.2119140625 0.53369140625 0.0234375 0.0302734375
6 0.2314453125 0.572265625 0.033203125 0.048828125
6 0.27734375 0.53076171875 0.03125 0.0537109375
6 0.2578125 0.5244140625 0.04296875 0.07421875
6 0.251953125 0.4765625 0.017578125 0.029296875
6 0.18505859375 0.53466796875 0.0263671875 0.0380859375
6 0.0361328125 0.83251953125 0.041015625 0.0615234375
6 0.02294921875 0.8447265625 0.0380859375 0.056640625
6 0.015625 0.8544921875 0.029296875 0.052734375
6 0.01220703125 0.8681640625 0.0224609375 0.064453125
6 0.009765625 0.88525390625 0.017578125 0.0849609375
6 0.0224609375 0.73583984375 0.04296875 0.0537109375
6 0.01416015625 0.7548828125 0.0263671875 0.0546875
6 0.00732421875 0.77001953125 0.0126953125 0.0517578125
6 0.28759765625 0.34814453125 0.0595703125 0.0380859375
6 0.302734375 0.37548828125 0.046875 0.0322265625
6 0.55810546875 0.36669921875 0.0732421875 0.1474609375
6 0.91796875 0.87646484375 0.04296875 0.0263671875
6 0.91064453125 0.84765625 0.0595703125 0.03515625
6 0.31396484375 0.38427734375 0.0478515625 0.0341796875
6 0.189453125 0.41650390625 0.044921875 0.0302734375
6 0.61669921875 0.21875 0.1220703125 0.056640625
6 0.5966796875 0.3359375 0.046875 0.1015625
6 0.5751953125 0.33056640625 0.05078125 0.1220703125
6 0.521484375 0.34033203125 0.04296875 0.1025390625
6 0.50390625 0.3466796875 0.04296875 0.1015625
6 0.412109375 0.32861328125 0.1015625 0.0556640625
6 0.39794921875 0.30859375 0.1201171875 0.0703125
6 0.32177734375 0.396484375 0.0341796875 0.0234375
6 0.185546875 0.40478515625 0.0546875 0.0361328125
6 0.173828125 0.39453125 0.05078125 0.03125
