6 0.77392578125 0.65625 0.0712890625 0.068359375
6 0.84130859375 0.73095703125 0.0732421875 0.0751953125
6 0.82666015625 0.748046875 0.0791015625 0.076171875
6 0.81298828125 0.76171875 0.0751953125 0.072265625
6 0.80029296875 0.77685546875 0.0869140625 0.0791015625
6 0.78857421875 0.79345703125 0.0712890625 0.0673828125
6 0.77685546875 0.80712890625 0.0751953125 0.0634765625
6 0.7998046875 0.62646484375 0.060546875 0.0556640625
6 0.78369140625 0.63916015625 0.0751953125 0.0712890625
6 0.7607421875 0.67041015625 0.07421875 0.0693359375
6 0.88427734375 0.87255859375 0.0966796875 0.0810546875
6 0.7470703125 0.68505859375 0.08203125 0.0771484375
6 0.73583984375 0.70068359375 0.0791015625 0.0732421875
6 0.724609375 0.71728515625 0.080078125 0.0732421875
6 0.71044921875 0.73095703125 0.0771484375 0.0693359375
6 0.69873046875 0.74755859375 0.0869140625 0.0751953125
6 0.48828125 0.0048828125 0.037109375 0.0078125
6 0.5703125 0.013671875 0.11328125 0.025390625
6 0.8583984375 0.71630859375 0.0625 0.0556640625
6 0.8955078125 0.8486328125 0.09375 0.078125
6 0.53955078125 0.20703125 0.0380859375 0.05078125
6 0.5458984375 0.19140625 0.03515625 0.044921875
6 0.55419921875 0.177734375 0.0400390625 0.048828125
9 0.087890625 0.0849609375 0.080078125 0.078125
12 0.5263671875 0.537109375 0.130859375 0.0859375
6 0.53466796875 0.4814453125 0.0849609375 0.05859375
6 0.54443359375 0.501953125 0.0830078125 0.056640625
9 0.12451171875 0.0166015625 0.0380859375 0.03125
9 0.19189453125 0.1435546875 0.0478515625 0.046875
9 0.1875 0.216796875 0.078125 0.076171875
9 0.119140625 0.16650390625 0.0234375 0.0244140625
6 0.5712890625 0.17578125 0.03515625 0.04296875
5 0.435546875 0.98974609375 0.05078125 0.0205078125
5 0.40185546875 0.99658203125 0.0556640625 0.0068359375
5 0.33984375 0.888671875 0.0390625 0.0390625
6 0.55029296875 0.10693359375 0.0732421875 0.1103515625
6 0.5888671875 0.04345703125 0.1015625 0.0517578125
6 0.72265625 0.27685546875 0.1015625 0.0615234375
6 0.56787109375 0.99609375 0.0712890625 0.0078125
6 0.55615234375 0.9912109375 0.0576171875 0.017578125
6 0.9951171875 0.8095703125 0.009765625 0.080078125
6 0.9892578125 0.8349609375 0.021484375 0.0859375
6 0.98291015625 0.85693359375 0.0341796875 0.0927734375
6 0.98388671875 0.88232421875 0.0322265625 0.0712890625
6 0.97705078125 0.90380859375 0.0458984375 0.0712890625
6 0.96826171875 0.9228515625 0.0634765625 0.0703125
6 0.96435546875 0.94921875 0.0712890625 0.07421875
