6 0.69482421875 0.43310546875 0.0341796875 0.0244140625
6 0.49951171875 0.96142578125 0.0263671875 0.0517578125
6 0.48828125 0.97412109375 0.037109375 0.0517578125
6 0.5703125 0.98583984375 0.11328125 0.0283203125
6 0.7939453125 0.36376953125 0.052734375 0.0361328125
6 0.79638671875 0.50390625 0.0419921875 0.068359375
12 0.85986328125 0.47216796875 0.0595703125 0.1044921875
12 0.78271484375 0.5078125 0.0576171875 0.107421875
12 0.70263671875 0.54296875 0.0595703125 0.109375
6 0.88427734375 0.48828125 0.0361328125 0.052734375
6 0.86962890625 0.43212890625 0.0283203125 0.0439453125
6 0.8564453125 0.435546875 0.02734375 0.041015625
6 0.845703125 0.4765625 0.04296875 0.072265625
6 0.83154296875 0.4853515625 0.0283203125 0.046875
6 0.78955078125 0.44970703125 0.0419921875 0.0263671875
6 0.705078125 0.5849609375 0.041015625 0.064453125
6 0.71875 0.48193359375 0.037109375 0.0244140625
6 0.69775390625 0.50341796875 0.0205078125 0.0205078125
6 0.7119140625 0.53369140625 0.0234375 0.0302734375
6 0.7314453125 0.572265625 0.033203125 0.048828125
6 0.77734375 0.53076171875 0.03125 0.0537109375
6 0.7578125 0.5244140625 0.04296875 0.07421875
6 0.751953125 0.4765625 0.017578125 0.029296875
6 0.68505859375 0.53466796875 0.0263671875 0.0380859375
6 0.42626953125 0.8271484375 0.0400390625 0.060546875
9 0.12451171875 0.99658203125 0.0380859375 0.0068359375
6 0.44091796875 0.81591796875 0.0458984375 0.0634765625
6 0.4560546875 0.80712890625 0.046875 0.0576171875
6 0.46826171875 0.79443359375 0.0517578125 0.0576171875
6 0.478515625 0.78076171875 0.044921875 0.0498046875
6 0.5361328125 0.83251953125 0.041015625 0.0615234375
6 0.52294921875 0.8447265625 0.0380859375 0.056640625
6 0.51171875 0.8544921875 0.037109375 0.052734375
6 0.4990234375 0.8681640625 0.048828125 0.064453125
6 0.48876953125 0.88525390625 0.0595703125 0.0849609375
6 0.47119140625 0.89404296875 0.0458984375 0.0673828125
6 0.45751953125 0.90673828125 0.0380859375 0.0615234375
6 0.5068359375 0.73583984375 0.07421875 0.0537109375
6 0.49853515625 0.7548828125 0.0576171875 0.0546875
6 0.48974609375 0.77001953125 0.0478515625 0.0517578125
6 0.78759765625 0.34814453125 0.0595703125 0.0380859375
6 0.802734375 0.37548828125 0.046875 0.0322265625
6 0.81396484375 0.38427734375 0.0478515625 0.0341796875
6 0.689453125 0.41650390625 0.044921875 0.0302734375
6 0.9912109375 0.3466796875 0.017578125 0.1015625
6 0.912109375 0.32861328125 0.1015625 0.0556640625
6 0.89794921875 0.30859375 0.1201171875 0.0703125
6 0.82177734375 0.396484375 0.0341796875 0.0234375
6 0.685546875 0.40478515625 0.0546875 0.0361328125
6 0.673828125 0.39453125 0.05078125 0.03125
