6 0.27392578125 0.0888671875 0.0712890625 0.068359375
6 0.34130859375 0.16357421875 0.0732421875 0.0751953125
6 0.32666015625 0.1806640625 0.0791015625 0.076171875
6 0.31298828125 0.1943359375 0.0751953125 0.072265625
6 0.30029296875 0.20947265625 0.0869140625 0.0791015625
6 0.28857421875 0.22607421875 0.0712890625 0.0673828125
6 0.27685546875 0.23974609375 0.0751953125 0.0634765625
6 0.2998046875 0.05908203125 0.060546875 0.0556640625
6 0.28369140625 0.07177734375 0.0751953125 0.0712890625
6 0.2607421875 0.10302734375 0.07421875 0.0693359375
6 0.38427734375 0.30517578125 0.0966796875 0.0810546875
6 0.2470703125 0.11767578125 0.08203125 0.0771484375
6 0.23583984375 0.13330078125 0.0791015625 0.0732421875
6 0.224609375 0.14990234375 0.080078125 0.0732421875
6 0.21044921875 0.16357421875 0.0771484375 0.0693359375
6 0.19873046875 0.18017578125 0.0869140625 0.0751953125
6 0.3583984375 0.14892578125 0.0625 0.0556640625
6 0.3955078125 0.28125 0.09375 0.078125
12 0.04638671875 0.0068359375 0.0908203125 0.01171875
6 0.009765625 0.59326171875 0.017578125 0.0712890625
6 0.00341796875 0.58349609375 0.0048828125 0.0791015625
6 0.2783203125 0.57373046875 0.076171875 0.0654296875
6 0.2880859375 0.5556640625 0.072265625 0.060546875
6 0.06787109375 0.45849609375 0.0712890625 0.0673828125
6 0.05615234375 0.443359375 0.0576171875 0.056640625
6 0.9658203125 0.6083984375 0.068359375 0.080078125
6 0.5556640625 0.22119140625 0.099609375 0.0791015625
6 0.54052734375 0.2421875 0.1005859375 0.080078125
6 0.53515625 0.267578125 0.11328125 0.0859375
6 0.5244140625 0.28955078125 0.1171875 0.0927734375
6 0.5146484375 0.31494140625 0.09375 0.0712890625
6 0.5029296875 0.33642578125 0.09765625 0.0712890625
6 0.4873046875 0.35546875 0.1015625 0.0703125
6 0.47998046875 0.3818359375 0.1025390625 0.07421875
6 0.96044921875 0.62841796875 0.0791015625 0.0791015625
6 0.5751953125 0.45654296875 0.09765625 0.0771484375
6 0.6640625 0.529296875 0.109375 0.0859375
6 0.67578125 0.50830078125 0.111328125 0.0869140625
6 0.689453125 0.4892578125 0.111328125 0.087890625
6 0.95703125 0.6513671875 0.0859375 0.080078125
6 0.955078125 0.673828125 0.08984375 0.080078125
6 0.95068359375 0.69140625 0.0986328125 0.080078125
6 0.935546875 0.7080078125 0.111328125 0.091796875
6 0.9208984375 0.72607421875 0.115234375 0.0927734375
6 0.876953125 0.546875 0.109375 0.0859375
6 0.8642578125 0.56787109375 0.11328125 0.0927734375
6 0.85302734375 0.58837890625 0.1103515625 0.0908203125
6 0.837890625 0.60693359375 0.11328125 0.0927734375
6 0.82666015625 0.62744140625 0.1123046875 0.0908203125
6 0.81396484375 0.64697265625 0.1142578125 0.0908203125
9 0.75537109375 0.68505859375 0.0458984375 0.0478515625
6 0.734375 0.369140625 0.107421875 0.0625
6 0.72705078125 0.392578125 0.0927734375 0.056640625
6 0.7109375 0.4111328125 0.109375 0.068359375
6 0.7041015625 0.4375 0.10546875 0.06640625
6 0.701171875 0.46923828125 0.11328125 0.0888671875
