6 0.0068359375 0.46142578125 0.01171875 0.0517578125
6 0.00390625 0.478515625 0.005859375 0.060546875
6 0.0703125 0.4990234375 0.11328125 0.0546875
6 0.29638671875 0.01953125 0.0419921875 0.037109375
12 0.35986328125 0.0126953125 0.0595703125 0.0234375
12 0.28271484375 0.03125 0.0576171875 0.060546875
12 0.20263671875 0.04931640625 0.0595703125 0.0966796875
6 0.38427734375 0.0078125 0.0361328125 0.013671875
6 0.345703125 0.0068359375 0.04296875 0.01171875
6 0.33154296875 0.0048828125 0.0283203125 0.0078125
6 0.205078125 0.0849609375 0.041015625 0.064453125
6 0.19775390625 0.00732421875 0.0205078125 0.0126953125
6 0.2119140625 0.03369140625 0.0234375 0.0302734375
6 0.2314453125 0.072265625 0.033203125 0.048828125
6 0.27734375 0.03076171875 0.03125 0.0537109375
6 0.2578125 0.03125 0.04296875 0.060546875
6 0.18505859375 0.03466796875 0.0263671875 0.0380859375
6 0.03955078125 0.70703125 0.0380859375 0.05078125
6 0.0458984375 0.69140625 0.03515625 0.044921875
6 0.05419921875 0.677734375 0.0400390625 0.048828125
12 0.04638671875 0.9970703125 0.0908203125 0.005859375
6 0.0390625 0.97607421875 0.076171875 0.0478515625
6 0.04443359375 0.98681640625 0.0830078125 0.0263671875
6 0.0712890625 0.67578125 0.03515625 0.04296875
6 0.05029296875 0.60693359375 0.0732421875 0.1103515625
6 0.0888671875 0.54345703125 0.1015625 0.0517578125
6 0.22265625 0.77685546875 0.1015625 0.0615234375
6 0.0361328125 0.33251953125 0.041015625 0.0615234375
6 0.02294921875 0.3447265625 0.0380859375 0.056640625
6 0.015625 0.3544921875 0.029296875 0.052734375
6 0.01220703125 0.3681640625 0.0224609375 0.064453125
6 0.009765625 0.38525390625 0.017578125 0.0849609375
6 0.0224609375 0.23583984375 0.04296875 0.0537109375
6 0.01416015625 0.2548828125 0.0263671875 0.0546875
6 0.00732421875 0.27001953125 0.0126953125 0.0517578125
6 0.91796875 0.37646484375 0.04296875 0.0263671875
6 0.91064453125 0.34765625 0.0595703125 0.03515625
6 0.93994140625 0.54248046875 0.1201171875 0.0810546875
