6 0.27392578125 0.65625 0.0712890625 0.068359375
6 0.34130859375 0.73095703125 0.0732421875 0.0751953125
6 0.32666015625 0.748046875 0.0791015625 0.076171875
6 0.31298828125 0.76171875 0.0751953125 0.072265625
6 0.30029296875 0.77685546875 0.0869140625 0.0791015625
6 0.28857421875 0.79345703125 0.0712890625 0.0673828125
6 0.27685546875 0.80712890625 0.0751953125 0.0634765625
6 0.2998046875 0.62646484375 0.060546875 0.0556640625
6 0.28369140625 0.63916015625 0.0751953125 0.0712890625
6 0.2607421875 0.67041015625 0.07421875 0.0693359375
6 0.38427734375 0.87255859375 0.0966796875 0.0810546875
6 0.2470703125 0.68505859375 0.08203125 0.0771484375
6 0.23583984375 0.70068359375 0.0791015625 0.0732421875
6 0.224609375 0.71728515625 0.080078125 0.0732421875
6 0.21044921875 0.73095703125 0.0771484375 0.0693359375
6 0.19873046875 0.74755859375 0.0869140625 0.0751953125
6 0.00390625 0.0048828125 0.005859375 0.0078125
6 0.0703125 0.013671875 0.11328125 0.025390625
6 0.3583984375 0.71630859375 0.0625 0.0556640625
6 0.3955078125 0.8486328125 0.09375 0.078125
6 0.03955078125 0.20703125 0.0380859375 0.05078125
6 0.0458984375 0.19140625 0.03515625 0.044921875
6 0.05419921875 0.177734375 0.0400390625 0.048828125
12 0.04638671875 0.537109375 0.0908203125 0.0859375
6 0.0390625 0.4814453125 0.076171875 0.05859375
6 0.04443359375 0.501953125 0.0830078125 0.056640625
6 0.0712890625 0.17578125 0.03515625 0.04296875
6 0.05029296875 0.10693359375 0.0732421875 0.1103515625
6 0.0888671875 0.04345703125 0.1015625 0.0517578125
6 0.22265625 0.27685546875 0.1015625 0.0615234375
6 0.06787109375 0.99609375 0.0712890625 0.0078125
6 0.05615234375 0.9912109375 0.0576171875 0.017578125
6 0.93994140625 0.04248046875 0.1201171875 0.0810546875
6 0.5556640625 0.78857421875 0.099609375 0.0791015625
6 0.54052734375 0.8095703125 0.1005859375 0.080078125
6 0.53515625 0.8349609375 0.11328125 0.0859375
6 0.5244140625 0.85693359375 0.1171875 0.0927734375
6 0.5146484375 0.88232421875 0.09375 0.0712890625
6 0.5029296875 0.90380859375 0.09765625 0.0712890625
6 0.4873046875 0.9228515625 0.1015625 0.0703125
6 0.47998046875 0.94921875 0.1025390625 0.07421875
6 0.5751953125 0.99267578125 0.09765625 0.0146484375
6 0.734375 0.9365234375 0.107421875 0.0625
6 0.72705078125 0.9599609375 0.0927734375 0.056640625
6 0.7109375 0.97216796875 0.109375 0.0556640625
6 0.7041015625 0.98583984375 0.10546875 0.0283203125
6 0.701171875 0.99609375 0.11328125 0.0078125
