6 0.2451171875 0.9345703125 0.095703125 0.0859375
6 0.76953125 0.1708984375 0.14453125 0.224609375
12 0.75048828125 0.07666015625 0.1494140625 0.1513671875
6 0.2705078125 0.85205078125 0.0703125 0.0556640625
6 0.37939453125 0.9736328125 0.1181640625 0.052734375
6 0.369140625 0.98486328125 0.11328125 0.0302734375
6 0.35400390625 0.99365234375 0.1123046875 0.0126953125
6 0.25732421875 0.91552734375 0.0810546875 0.0693359375
6 0.234375 0.95458984375 0.087890625 0.0830078125
6 0.8671875 0.08447265625 0.072265625 0.1025390625
6 0.2236328125 0.9658203125 0.083984375 0.068359375
6 0.20947265625 0.974609375 0.0810546875 0.05078125
6 0.2021484375 0.9853515625 0.083984375 0.029296875
6 0.82275390625 0.08447265625 0.1181640625 0.1669921875
6 0.892578125 0.0576171875 0.0859375 0.1015625
6 0.2607421875 0.89111328125 0.076171875 0.0576171875
6 0.2646484375 0.87841796875 0.0859375 0.0595703125
6 0.91015625 0.029296875 0.04296875 0.056640625
6 0.0673828125 0.880859375 0.10546875 0.09375
6 0.05078125 0.89453125 0.083984375 0.072265625
6 0.0283203125 0.67578125 0.0546875 0.080078125
6 0.02294921875 0.69580078125 0.0439453125 0.0791015625
6 0.01708984375 0.71875 0.0322265625 0.080078125
6 0.00732421875 0.7412109375 0.0126953125 0.080078125
