6 0.26953125 0.6708984375 0.14453125 0.224609375
12 0.25048828125 0.5107421875 0.1494140625 0.283203125
6 0.3671875 0.58447265625 0.072265625 0.1025390625
6 0.01171875 0.27197265625 0.021484375 0.2373046875
6 0.001953125 0.30615234375 0.001953125 0.3154296875
6 0.32275390625 0.57421875 0.1181640625 0.1875
6 0.392578125 0.5576171875 0.0859375 0.1015625
6 0.79248046875 0.2587890625 0.0322265625 0.12109375
6 0.91357421875 0.25927734375 0.0263671875 0.1240234375
6 0.89013671875 0.26416015625 0.0283203125 0.1240234375
6 0.8642578125 0.2587890625 0.02734375 0.130859375
6 0.83935546875 0.25439453125 0.0302734375 0.1240234375
6 0.81494140625 0.2587890625 0.0322265625 0.123046875
6 0.76904296875 0.26611328125 0.0380859375 0.1259765625
6 0.41015625 0.52734375 0.04296875 0.060546875
6 0.74462890625 0.26953125 0.0400390625 0.12890625
6 0.72021484375 0.2802734375 0.0478515625 0.134765625
6 0.69384765625 0.28271484375 0.0478515625 0.1416015625
6 0.669921875 0.2900390625 0.052734375 0.138671875
6 0.64404296875 0.29345703125 0.0498046875 0.1435546875
6 0.623046875 0.302734375 0.046875 0.12890625
6 0.60009765625 0.3046875 0.0439453125 0.119140625
6 0.57421875 0.3046875 0.048828125 0.142578125
