6 0.77392578125 0.15625 0.0712890625 0.068359375
6 0.84130859375 0.23095703125 0.0732421875 0.0751953125
6 0.82666015625 0.248046875 0.0791015625 0.076171875
6 0.81298828125 0.26171875 0.0751953125 0.072265625
6 0.80029296875 0.27685546875 0.0869140625 0.0791015625
6 0.78857421875 0.29345703125 0.0712890625 0.0673828125
6 0.77685546875 0.30712890625 0.0751953125 0.0634765625
6 0.7998046875 0.12646484375 0.060546875 0.0556640625
6 0.78369140625 0.13916015625 0.0751953125 0.0712890625
6 0.7607421875 0.17041015625 0.07421875 0.0693359375
6 0.88427734375 0.37255859375 0.0966796875 0.0810546875
6 0.7470703125 0.18505859375 0.08203125 0.0771484375
6 0.73583984375 0.20068359375 0.0791015625 0.0732421875
6 0.724609375 0.21728515625 0.080078125 0.0732421875
6 0.71044921875 0.23095703125 0.0771484375 0.0693359375
6 0.69873046875 0.24755859375 0.0869140625 0.0751953125
6 0.8583984375 0.21630859375 0.0625 0.0556640625
6 0.8955078125 0.3486328125 0.09375 0.078125
12 0.5263671875 0.04052734375 0.130859375 0.0791015625
6 0.53466796875 0.005859375 0.0849609375 0.009765625
6 0.54443359375 0.015625 0.0830078125 0.029296875
6 0.48876953125 0.66064453125 0.0595703125 0.0712890625
6 0.47265625 0.65087890625 0.06640625 0.0791015625
6 0.46142578125 0.63427734375 0.0693359375 0.0830078125
5 0.435546875 0.4990234375 0.05078125 0.0390625
5 0.40185546875 0.51220703125 0.0556640625 0.0380859375
5 0.33984375 0.388671875 0.0390625 0.0390625
9 0.37060546875 0.56689453125 0.0654296875 0.0673828125
9 0.2509765625 0.71826171875 0.03125 0.0322265625
9 0.2802734375 0.70068359375 0.025390625 0.0263671875
6 0.7783203125 0.64111328125 0.076171875 0.0654296875
6 0.7880859375 0.623046875 0.072265625 0.060546875
6 0.56787109375 0.52587890625 0.0712890625 0.0673828125
6 0.55615234375 0.5107421875 0.0576171875 0.056640625
6 0.9951171875 0.3095703125 0.009765625 0.080078125
6 0.9892578125 0.3349609375 0.021484375 0.0859375
6 0.98291015625 0.35693359375 0.0341796875 0.0927734375
6 0.98388671875 0.38232421875 0.0322265625 0.0712890625
6 0.97705078125 0.40380859375 0.0458984375 0.0712890625
6 0.96826171875 0.4228515625 0.0634765625 0.0703125
6 0.96435546875 0.44921875 0.0712890625 0.07421875
9 0.25244140625 0.681640625 0.0244140625 0.02734375
