12 0.25048828125 0.9345703125 0.1494140625 0.130859375
6 0.01171875 0.77197265625 0.021484375 0.2373046875
6 0.001953125 0.80615234375 0.001953125 0.3154296875
6 0.32275390625 0.990234375 0.1181640625 0.01953125
6 0.79248046875 0.7587890625 0.0322265625 0.12109375
6 0.91357421875 0.75927734375 0.0263671875 0.1240234375
6 0.89013671875 0.76416015625 0.0283203125 0.1240234375
6 0.8642578125 0.7587890625 0.02734375 0.130859375
6 0.83935546875 0.75439453125 0.0302734375 0.1240234375
6 0.81494140625 0.7587890625 0.0322265625 0.123046875
6 0.76904296875 0.76611328125 0.0380859375 0.1259765625
6 0.41015625 0.99853515625 0.04296875 0.0029296875
6 0.74462890625 0.76953125 0.0400390625 0.12890625
6 0.72021484375 0.7802734375 0.0478515625 0.134765625
6 0.69384765625 0.78271484375 0.0478515625 0.1416015625
6 0.669921875 0.7900390625 0.052734375 0.138671875
6 0.64404296875 0.79345703125 0.0498046875 0.1435546875
6 0.623046875 0.802734375 0.046875 0.12890625
6 0.60009765625 0.8046875 0.0439453125 0.119140625
6 0.57421875 0.8046875 0.048828125 0.142578125
