6 0.7451171875 0.8671875 0.095703125 0.0859375
6 0.7705078125 0.78466796875 0.0703125 0.0556640625
6 0.87939453125 0.92236328125 0.1181640625 0.0849609375
6 0.869140625 0.9443359375 0.11328125 0.083984375
6 0.85400390625 0.95849609375 0.1123046875 0.0771484375
6 0.8330078125 0.96826171875 0.091796875 0.0556640625
6 0.75732421875 0.84814453125 0.0810546875 0.0693359375
6 0.734375 0.88720703125 0.087890625 0.0830078125
6 0.7236328125 0.90283203125 0.083984375 0.0771484375
6 0.70947265625 0.91796875 0.0810546875 0.072265625
6 0.7021484375 0.93994140625 0.083984375 0.0732421875
6 0.7607421875 0.82373046875 0.076171875 0.0576171875
6 0.7646484375 0.81103515625 0.0859375 0.0595703125
6 0.5673828125 0.8134765625 0.10546875 0.09375
6 0.55078125 0.8271484375 0.083984375 0.072265625
6 0.49365234375 0.6083984375 0.1240234375 0.080078125
6 0.0556640625 0.22119140625 0.099609375 0.0791015625
6 0.0458984375 0.2421875 0.08984375 0.080078125
6 0.04638671875 0.267578125 0.0908203125 0.0859375
6 0.0419921875 0.28955078125 0.08203125 0.0927734375
6 0.03125 0.31494140625 0.060546875 0.0712890625
6 0.0263671875 0.33642578125 0.05078125 0.0712890625
6 0.01953125 0.35546875 0.037109375 0.0703125
6 0.01611328125 0.3818359375 0.0302734375 0.07421875
6 0.48291015625 0.62841796875 0.1240234375 0.0791015625
6 0.0751953125 0.45654296875 0.09765625 0.0771484375
6 0.1640625 0.529296875 0.109375 0.0859375
6 0.17578125 0.50830078125 0.111328125 0.0869140625
6 0.189453125 0.4892578125 0.111328125 0.087890625
6 0.4736328125 0.6513671875 0.119140625 0.080078125
6 0.4619140625 0.673828125 0.103515625 0.080078125
6 0.45068359375 0.69140625 0.0986328125 0.080078125
6 0.435546875 0.7080078125 0.111328125 0.091796875
6 0.4208984375 0.72607421875 0.115234375 0.0927734375
6 0.376953125 0.546875 0.109375 0.0859375
6 0.3642578125 0.56787109375 0.11328125 0.0927734375
6 0.35302734375 0.58837890625 0.1103515625 0.0908203125
6 0.337890625 0.60693359375 0.11328125 0.0927734375
6 0.32666015625 0.62744140625 0.1123046875 0.0908203125
6 0.31396484375 0.64697265625 0.1142578125 0.0908203125
9 0.25537109375 0.68505859375 0.0458984375 0.0478515625
6 0.234375 0.369140625 0.107421875 0.0625
6 0.22705078125 0.392578125 0.0927734375 0.056640625
6 0.2109375 0.4111328125 0.109375 0.068359375
6 0.2041015625 0.4375 0.10546875 0.06640625
6 0.201171875 0.46923828125 0.11328125 0.0888671875
