6 0.9462890625 0.27197265625 0.107421875 0.2373046875
6 0.91162109375 0.30615234375 0.1767578125 0.3154296875
6 0.43994140625 0.04248046875 0.1201171875 0.0810546875
6 0.0556640625 0.78857421875 0.099609375 0.0791015625
6 0.0458984375 0.8095703125 0.08984375 0.080078125
6 0.04638671875 0.8349609375 0.0908203125 0.0859375
6 0.0419921875 0.85693359375 0.08203125 0.0927734375
6 0.03125 0.88232421875 0.060546875 0.0712890625
6 0.0263671875 0.90380859375 0.05078125 0.0712890625
6 0.01953125 0.9228515625 0.037109375 0.0703125
6 0.01611328125 0.94921875 0.0302734375 0.07421875
6 0.0751953125 0.99267578125 0.09765625 0.0146484375
6 0.234375 0.9365234375 0.107421875 0.0625
6 0.22705078125 0.9599609375 0.0927734375 0.056640625
6 0.2109375 0.97216796875 0.109375 0.0556640625
6 0.2041015625 0.98583984375 0.10546875 0.0283203125
6 0.201171875 0.99609375 0.11328125 0.0078125
