6 0.2548828125 0.6708984375 0.14453125 0.224609375
12 0.23583984375 0.5107421875 0.1494140625 0.283203125
6 0.3525390625 0.58447265625 0.072265625 0.1025390625
6 0.00439453125 0.27197265625 0.0068359375 0.2373046875
6 0.30810546875 0.57421875 0.1181640625 0.1875
6 0.3779296875 0.5576171875 0.0859375 0.1015625
6 0.77783203125 0.2587890625 0.0322265625 0.12109375
6 0.89892578125 0.25927734375 0.0263671875 0.1240234375
6 0.87548828125 0.26416015625 0.0283203125 0.1240234375
6 0.849609375 0.2587890625 0.02734375 0.130859375
6 0.82470703125 0.25439453125 0.0302734375 0.1240234375
6 0.80029296875 0.2587890625 0.0322265625 0.123046875
6 0.75439453125 0.26611328125 0.0380859375 0.1259765625
6 0.3955078125 0.52734375 0.04296875 0.060546875
6 0.72998046875 0.26953125 0.0400390625 0.12890625
6 0.70556640625 0.2802734375 0.0478515625 0.134765625
6 0.67919921875 0.28271484375 0.0478515625 0.1416015625
6 0.6552734375 0.2900390625 0.052734375 0.138671875
6 0.62939453125 0.29345703125 0.0498046875 0.1435546875
6 0.6083984375 0.302734375 0.046875 0.12890625
6 0.58544921875 0.3046875 0.0439453125 0.119140625
6 0.5595703125 0.3046875 0.048828125 0.142578125
