6 0.49951171875 0.46142578125 0.0263671875 0.0517578125
6 0.48828125 0.478515625 0.037109375 0.060546875
6 0.5703125 0.4990234375 0.11328125 0.0546875
6 0.79638671875 0.01953125 0.0419921875 0.037109375
12 0.85986328125 0.0126953125 0.0595703125 0.0234375
12 0.78271484375 0.03125 0.0576171875 0.060546875
12 0.70263671875 0.04931640625 0.0595703125 0.0966796875
6 0.88427734375 0.0078125 0.0361328125 0.013671875
6 0.845703125 0.0068359375 0.04296875 0.01171875
6 0.83154296875 0.0048828125 0.0283203125 0.0078125
6 0.705078125 0.0849609375 0.041015625 0.064453125
6 0.69775390625 0.00732421875 0.0205078125 0.0126953125
6 0.7119140625 0.03369140625 0.0234375 0.0302734375
6 0.7314453125 0.072265625 0.033203125 0.048828125
6 0.77734375 0.03076171875 0.03125 0.0537109375
6 0.7578125 0.03125 0.04296875 0.060546875
6 0.68505859375 0.03466796875 0.0263671875 0.0380859375
6 0.53955078125 0.70703125 0.0380859375 0.05078125
6 0.5458984375 0.69140625 0.03515625 0.044921875
6 0.55419921875 0.677734375 0.0400390625 0.048828125
9 0.087890625 0.5849609375 0.080078125 0.078125
6 0.42626953125 0.3271484375 0.0400390625 0.060546875
12 0.5263671875 0.9970703125 0.130859375 0.005859375
6 0.53466796875 0.97607421875 0.0849609375 0.0478515625
6 0.54443359375 0.98681640625 0.0830078125 0.0263671875
9 0.12451171875 0.5126953125 0.0380859375 0.0390625
9 0.19189453125 0.6435546875 0.0478515625 0.046875
9 0.1875 0.716796875 0.078125 0.076171875
9 0.119140625 0.66650390625 0.0234375 0.0244140625
6 0.5712890625 0.67578125 0.03515625 0.04296875
6 0.44091796875 0.31591796875 0.0458984375 0.0634765625
6 0.4560546875 0.30712890625 0.046875 0.0576171875
6 0.46826171875 0.29443359375 0.0517578125 0.0576171875
6 0.478515625 0.28076171875 0.044921875 0.0498046875
6 0.55029296875 0.60693359375 0.0732421875 0.1103515625
6 0.5888671875 0.54345703125 0.1015625 0.0517578125
6 0.72265625 0.77685546875 0.1015625 0.0615234375
6 0.5361328125 0.33251953125 0.041015625 0.0615234375
6 0.52294921875 0.3447265625 0.0380859375 0.056640625
6 0.51171875 0.3544921875 0.037109375 0.052734375
6 0.4990234375 0.3681640625 0.048828125 0.064453125
6 0.48876953125 0.38525390625 0.0595703125 0.0849609375
6 0.47119140625 0.39404296875 0.0458984375 0.0673828125
6 0.45751953125 0.40673828125 0.0380859375 0.0615234375
6 0.5068359375 0.23583984375 0.07421875 0.0537109375
6 0.49853515625 0.2548828125 0.0576171875 0.0546875
6 0.48974609375 0.27001953125 0.0478515625 0.0517578125
