6 0.7451171875 0.9345703125 0.095703125 0.0859375
6 0.7705078125 0.85205078125 0.0703125 0.0556640625
6 0.87939453125 0.9736328125 0.1181640625 0.052734375
6 0.869140625 0.98486328125 0.11328125 0.0302734375
6 0.85400390625 0.99365234375 0.1123046875 0.0126953125
6 0.75732421875 0.91552734375 0.0810546875 0.0693359375
6 0.734375 0.95458984375 0.087890625 0.0830078125
6 0.7236328125 0.9658203125 0.083984375 0.068359375
6 0.70947265625 0.974609375 0.0810546875 0.05078125
6 0.7021484375 0.9853515625 0.083984375 0.029296875
6 0.7607421875 0.89111328125 0.076171875 0.0576171875
6 0.7646484375 0.87841796875 0.0859375 0.0595703125
6 0.5673828125 0.880859375 0.10546875 0.09375
6 0.55078125 0.89453125 0.083984375 0.072265625
6 0.49365234375 0.67578125 0.1240234375 0.080078125
6 0.0556640625 0.28857421875 0.099609375 0.0791015625
6 0.0458984375 0.3095703125 0.08984375 0.080078125
6 0.04638671875 0.3349609375 0.0908203125 0.0859375
6 0.0419921875 0.35693359375 0.08203125 0.0927734375
6 0.03125 0.38232421875 0.060546875 0.0712890625
6 0.0263671875 0.40380859375 0.05078125 0.0712890625
6 0.01953125 0.4228515625 0.037109375 0.0703125
6 0.01611328125 0.44921875 0.0302734375 0.07421875
6 0.48291015625 0.69580078125 0.1240234375 0.0791015625
6 0.0751953125 0.52392578125 0.09765625 0.0771484375
6 0.1640625 0.5966796875 0.109375 0.0859375
6 0.17578125 0.57568359375 0.111328125 0.0869140625
6 0.189453125 0.556640625 0.111328125 0.087890625
6 0.4736328125 0.71875 0.119140625 0.080078125
6 0.4619140625 0.7412109375 0.103515625 0.080078125
6 0.45068359375 0.7587890625 0.0986328125 0.080078125
6 0.435546875 0.775390625 0.111328125 0.091796875
6 0.4208984375 0.79345703125 0.115234375 0.0927734375
6 0.376953125 0.6142578125 0.109375 0.0859375
6 0.3642578125 0.63525390625 0.11328125 0.0927734375
6 0.35302734375 0.65576171875 0.1103515625 0.0908203125
6 0.337890625 0.67431640625 0.11328125 0.0927734375
6 0.32666015625 0.69482421875 0.1123046875 0.0908203125
6 0.31396484375 0.71435546875 0.1142578125 0.0908203125
9 0.25537109375 0.75244140625 0.0458984375 0.0478515625
6 0.234375 0.4365234375 0.107421875 0.0625
6 0.22705078125 0.4599609375 0.0927734375 0.056640625
6 0.2109375 0.478515625 0.109375 0.068359375
6 0.2041015625 0.5048828125 0.10546875 0.06640625
6 0.201171875 0.53662109375 0.11328125 0.0888671875
